# relative_time, cycles_done, cur_item, corpus_count, pending_total, pending_favs, map_size, saved_crashes, saved_hangs, max_depth, execs_per_sec, total_execs, edges_found, total_crashes, servers_count
61, 0, 1, 65, 62, 3, 9.29%, 0, 0, 2, 92.82, 6516, 694, 0, 0
66, 0, 1, 65, 62, 3, 9.29%, 0, 0, 2, 94.83, 7002, 694, 0, 0
71, 0, 1, 65, 62, 3, 9.29%, 0, 0, 2, 101.93, 7517, 694, 0, 0
76, 0, 1, 66, 63, 3, 9.29%, 0, 0, 2, 105.52, 8062, 694, 0, 0
81, 0, 1, 66, 63, 3, 9.29%, 0, 0, 2, 104.19, 8582, 694, 0, 0
86, 0, 1, 66, 63, 3, 9.29%, 0, 0, 2, 101.79, 9090, 694, 0, 0
91, 0, 1, 69, 66, 3, 9.29%, 0, 0, 2, 99.51, 9589, 694, 0, 0
96, 0, 1, 73, 70, 3, 9.32%, 0, 0, 2, 108.29, 10151, 696, 0, 0
101, 0, 1, 73, 70, 3, 9.32%, 0, 0, 2, 106.31, 10695, 696, 0, 0
107, 0, 1, 73, 70, 3, 9.32%, 0, 0, 2, 114.19, 11266, 696, 0, 0
112, 0, 1, 73, 70, 3, 9.32%, 0, 0, 2, 113.61, 11838, 696, 0, 0
117, 0, 1, 73, 70, 3, 9.32%, 0, 0, 2, 111.95, 12400, 696, 0, 0
122, 0, 1, 73, 70, 3, 9.32%, 0, 0, 2, 96.13, 12882, 696, 0, 0
127, 0, 1, 73, 70, 3, 9.32%, 0, 0, 2, 80.85, 13281, 696, 0, 0
132, 0, 1, 73, 70, 3, 9.32%, 0, 0, 2, 82.64, 13716, 696, 0, 0
137, 0, 1, 73, 70, 3, 9.32%, 0, 0, 2, 75.14, 14099, 696, 0, 0
142, 0, 1, 74, 71, 3, 9.32%, 0, 0, 2, 73.94, 14467, 696, 0, 0
147, 0, 1, 75, 72, 3, 9.32%, 0, 0, 2, 74.29, 14856, 696, 0, 0
152, 0, 1, 75, 72, 3, 9.32%, 0, 0, 2, 71.95, 15227, 696, 0, 0
158, 0, 1, 76, 73, 3, 9.32%, 0, 0, 2, 78.16, 15628, 696, 0, 0
163, 0, 1, 76, 73, 3, 9.32%, 0, 0, 2, 76.37, 16027, 696, 0, 0
168, 0, 1, 78, 75, 3, 9.32%, 0, 0, 2, 73.45, 16407, 696, 0, 0
173, 0, 1, 78, 75, 3, 9.32%, 0, 0, 2, 71.84, 16778, 696, 0, 0
178, 0, 1, 79, 76, 3, 9.32%, 0, 0, 2, 64.80, 17105, 696, 0, 0
183, 0, 1, 80, 77, 3, 9.32%, 0, 0, 2, 59.82, 17399, 696, 0, 0
188, 0, 1, 80, 77, 3, 9.32%, 0, 0, 2, 58.40, 17683, 696, 0, 0
