# relative_time, cycles_done, cur_item, corpus_count, pending_total, pending_favs, map_size, saved_crashes, saved_hangs, max_depth, execs_per_sec, total_execs, edges_found, total_crashes, servers_count
61, 0, 1, 10, 8, 3, 6.47%, 0, 0, 1, 23.14, 1443, 556, 0, 0
66, 0, 1, 10, 8, 3, 6.47%, 0, 0, 1, 21.72, 1555, 556, 0, 0
71, 0, 1, 10, 8, 3, 6.47%, 0, 0, 1, 21.38, 1661, 556, 0, 0
76, 0, 1, 10, 8, 3, 6.47%, 0, 0, 1, 22.39, 1780, 556, 0, 0
82, 0, 1, 16, 14, 3, 6.82%, 0, 0, 2, 26.90, 1920, 586, 0, 0
87, 0, 1, 26, 24, 3, 7.18%, 0, 0, 2, 27.52, 2059, 617, 0, 0
92, 0, 1, 35, 33, 3, 7.40%, 0, 0, 2, 29.72, 2215, 636, 0, 0
97, 0, 1, 35, 33, 3, 7.40%, 0, 0, 2, 24.96, 2331, 636, 0, 0
102, 0, 1, 35, 33, 3, 7.40%, 0, 0, 2, 24.01, 2450, 636, 0, 0
107, 0, 1, 37, 35, 3, 7.41%, 0, 0, 2, 26.07, 2586, 637, 0, 0
112, 0, 1, 42, 40, 3, 7.49%, 0, 0, 2, 24.52, 2713, 644, 0, 0
117, 0, 1, 44, 42, 3, 7.49%, 0, 0, 2, 23.11, 2831, 644, 0, 0
122, 0, 1, 46, 44, 3, 7.49%, 0, 0, 2, 23.26, 2950, 644, 0, 0
127, 0, 1, 46, 44, 3, 7.49%, 0, 0, 2, 21.27, 3057, 644, 0, 0
132, 0, 1, 46, 44, 3, 7.49%, 0, 0, 2, 21.73, 3170, 644, 0, 0
138, 0, 1, 48, 46, 3, 7.56%, 0, 0, 2, 23.04, 3290, 650, 0, 0
143, 0, 1, 48, 46, 3, 7.56%, 0, 0, 2, 21.63, 3404, 650, 0, 0
148, 0, 1, 49, 47, 3, 7.56%, 0, 0, 2, 20.51, 3507, 650, 0, 0
153, 0, 1, 49, 47, 3, 7.56%, 0, 0, 2, 20.49, 3615, 650, 0, 0
158, 0, 1, 50, 48, 3, 7.56%, 0, 0, 2, 21.35, 3723, 650, 0, 0
163, 0, 1, 52, 50, 3, 7.56%, 0, 0, 2, 21.59, 3840, 650, 0, 0
167, 0, 1, 52, 50, 3, 7.56%, 0, 0, 2, 0.00, 3935, 650, 0, 0
