# relative_time, cycles_done, cur_item, corpus_count, pending_total, pending_favs, map_size, saved_crashes, saved_hangs, max_depth, execs_per_sec, total_execs, edges_found, total_crashes, servers_count
61, 0, 1, 10, 7, 3, 4.39%, 0, 0, 1, 24.51, 1383, 718, 0, 0
66, 0, 1, 10, 7, 3, 4.39%, 0, 0, 1, 25.02, 1524, 718, 0, 0
71, 0, 1, 10, 7, 3, 4.39%, 0, 0, 1, 19.27, 1612, 718, 0, 0
76, 0, 1, 10, 7, 3, 4.39%, 0, 0, 1, 22.01, 1727, 718, 0, 0
82, 0, 1, 10, 7, 3, 4.39%, 0, 0, 1, 19.34, 1826, 718, 0, 0
87, 0, 1, 23, 20, 3, 4.84%, 0, 0, 2, 35.62, 2011, 792, 0, 0
92, 0, 1, 36, 33, 3, 5.02%, 0, 0, 2, 34.87, 2195, 822, 0, 0
97, 0, 1, 40, 37, 3, 5.04%, 0, 0, 2, 18.30, 2338, 825, 0, 0
102, 0, 1, 40, 37, 3, 5.04%, 0, 0, 2, 19.73, 2436, 825, 0, 0
107, 0, 1, 40, 37, 3, 5.04%, 0, 0, 2, 20.29, 2541, 825, 0, 0
112, 0, 1, 44, 41, 3, 5.09%, 0, 0, 2, 19.64, 2646, 833, 0, 0
117, 0, 1, 48, 45, 3, 5.09%, 0, 0, 2, 20.03, 2756, 833, 0, 0
122, 0, 1, 50, 47, 3, 5.15%, 0, 0, 2, 22.67, 2877, 842, 0, 0
127, 0, 1, 53, 50, 3, 5.15%, 0, 0, 2, 19.26, 3040, 842, 0, 0
132, 0, 1, 53, 50, 3, 5.15%, 0, 0, 2, 23.02, 3153, 842, 0, 0
138, 0, 1, 53, 50, 3, 5.15%, 0, 0, 2, 19.58, 3252, 842, 0, 0
143, 0, 1, 55, 52, 3, 5.15%, 0, 0, 2, 18.69, 3344, 842, 0, 0
148, 0, 1, 55, 52, 3, 5.15%, 0, 0, 2, 17.40, 3428, 842, 0, 0
153, 0, 1, 56, 53, 3, 5.15%, 0, 0, 2, 21.66, 3537, 842, 0, 0
158, 0, 1, 56, 53, 3, 5.15%, 0, 0, 2, 16.87, 3675, 842, 0, 0
163, 0, 1, 56, 53, 3, 5.15%, 0, 0, 2, 18.20, 3766, 842, 0, 0
168, 0, 1, 59, 56, 3, 5.15%, 0, 0, 2, 22.79, 3900, 842, 0, 0
173, 0, 1, 60, 57, 3, 5.15%, 0, 0, 2, 21.93, 4013, 842, 0, 0
179, 0, 1, 61, 58, 3, 5.15%, 0, 0, 2, 23.73, 4135, 842, 0, 0
184, 0, 1, 62, 59, 3, 5.15%, 0, 0, 2, 19.72, 4227, 842, 0, 0
189, 0, 1, 63, 60, 3, 5.15%, 0, 0, 2, 22.73, 4378, 842, 0, 0
194, 0, 1, 63, 60, 3, 5.15%, 0, 0, 2, 17.17, 4457, 842, 0, 0
199, 0, 1, 64, 61, 3, 5.15%, 0, 0, 2, 17.27, 4552, 842, 0, 0
204, 0, 1, 66, 63, 3, 5.15%, 0, 0, 2, 16.16, 4636, 842, 0, 0
209, 0, 1, 66, 63, 3, 5.15%, 0, 0, 2, 16.98, 4720, 842, 0, 0
215, 0, 1, 67, 64, 3, 5.15%, 0, 0, 2, 19.01, 4827, 842, 0, 0
220, 0, 1, 67, 64, 3, 5.15%, 0, 0, 2, 27.43, 4990, 842, 0, 0
225, 0, 1, 67, 64, 3, 5.15%, 0, 0, 2, 25.71, 5113, 842, 0, 0
230, 0, 1, 70, 67, 3, 5.15%, 0, 0, 2, 20.90, 5214, 842, 0, 0
235, 0, 1, 71, 68, 3, 5.15%, 0, 0, 2, 18.93, 5306, 842, 0, 0
240, 0, 1, 71, 68, 3, 5.15%, 0, 0, 2, 17.89, 5396, 842, 0, 0
246, 0, 1, 71, 68, 3, 5.15%, 0, 0, 2, 20.07, 5497, 842, 0, 0
251, 0, 1, 71, 68, 3, 5.15%, 0, 0, 2, 21.30, 5638, 842, 0, 0
256, 0, 1, 71, 68, 3, 5.15%, 0, 0, 2, 20.90, 5739, 842, 0, 0
261, 0, 1, 71, 68, 3, 5.15%, 0, 0, 2, 22.99, 5855, 842, 0, 0
266, 0, 1, 72, 69, 3, 5.15%, 0, 0, 2, 28.32, 6007, 842, 0, 0
271, 0, 1, 72, 69, 3, 5.15%, 0, 0, 2, 28.59, 6155, 842, 0, 0
276, 0, 1, 72, 69, 3, 5.15%, 0, 0, 2, 28.57, 6299, 842, 0, 0
281, 0, 1, 74, 71, 3, 5.15%, 0, 0, 2, 27.31, 6487, 842, 0, 0
287, 0, 1, 74, 71, 3, 5.15%, 0, 0, 2, 25.13, 6620, 842, 0, 0
292, 0, 1, 74, 71, 3, 5.15%, 0, 0, 2, 10.66, 6642, 842, 0, 0
297, 0, 1, 74, 71, 3, 5.15%, 0, 0, 2, 22.10, 6772, 842, 0, 0
302, 0, 1, 74, 71, 3, 5.15%, 0, 0, 2, 24.92, 6905, 842, 0, 0
307, 0, 1, 74, 71, 3, 5.15%, 0, 0, 2, 26.12, 7040, 842, 0, 0
312, 0, 1, 74, 71, 3, 5.15%, 0, 0, 2, 26.84, 7217, 842, 0, 0
317, 0, 1, 74, 71, 3, 5.15%, 0, 0, 2, 25.46, 7347, 842, 0, 0
322, 0, 1, 74, 71, 3, 5.15%, 0, 0, 2, 26.76, 7483, 842, 0, 0
327, 0, 1, 74, 71, 3, 5.15%, 0, 0, 2, 24.19, 7606, 842, 0, 0
332, 0, 1, 74, 71, 3, 5.15%, 0, 0, 2, 20.26, 7689, 842, 0, 0
337, 0, 1, 74, 71, 3, 5.15%, 0, 0, 2, 24.50, 7818, 842, 0, 0
343, 0, 1, 74, 71, 3, 5.15%, 0, 0, 2, 22.85, 7976, 842, 0, 0
348, 0, 1, 74, 71, 3, 5.15%, 0, 0, 2, 22.22, 8091, 842, 0, 0
353, 0, 1, 74, 71, 3, 5.15%, 0, 0, 2, 25.00, 8226, 842, 0, 0
358, 0, 1, 74, 71, 3, 5.15%, 0, 0, 2, 23.73, 8344, 842, 0, 0
363, 0, 1, 74, 71, 3, 5.15%, 0, 0, 2, 22.17, 8457, 842, 0, 0
368, 0, 1, 74, 71, 3, 5.15%, 0, 0, 2, 23.64, 8579, 842, 0, 0
373, 0, 1, 74, 71, 3, 5.15%, 0, 0, 2, 26.59, 8748, 842, 0, 0
378, 0, 1, 75, 72, 3, 5.15%, 0, 0, 2, 26.31, 8885, 842, 0, 0
383, 0, 1, 76, 73, 3, 5.15%, 0, 0, 2, 26.40, 9020, 842, 0, 0
389, 0, 1, 77, 74, 3, 5.15%, 0, 0, 2, 26.35, 9159, 842, 0, 0
394, 0, 1, 77, 74, 3, 5.15%, 0, 0, 2, 27.86, 9306, 842, 0, 0
399, 0, 1, 77, 74, 3, 5.15%, 0, 0, 2, 23.61, 9427, 842, 0, 0
404, 0, 1, 77, 74, 3, 5.15%, 0, 0, 2, 17.34, 9542, 842, 0, 0
409, 0, 1, 77, 74, 3, 5.15%, 0, 0, 2, 17.70, 9632, 842, 0, 0
414, 0, 1, 81, 78, 3, 5.23%, 0, 0, 2, 20.23, 9736, 855, 0, 0
419, 0, 1, 85, 82, 3, 5.23%, 0, 0, 2, 26.19, 9881, 856, 0, 0
424, 0, 1, 85, 82, 3, 5.23%, 0, 0, 2, 20.29, 9974, 856, 0, 0
429, 0, 1, 85, 82, 3, 5.23%, 0, 0, 2, 19.55, 10070, 856, 0, 0
435, 0, 1, 85, 82, 3, 5.23%, 0, 0, 2, 28.94, 10213, 856, 0, 0
440, 0, 1, 85, 82, 3, 5.23%, 0, 0, 2, 21.30, 10311, 856, 0, 0
445, 0, 1, 86, 83, 3, 5.23%, 0, 0, 2, 18.25, 10400, 856, 0, 0
450, 0, 1, 86, 83, 3, 5.23%, 0, 0, 2, 16.70, 10483, 856, 0, 0
455, 0, 1, 86, 83, 3, 5.23%, 0, 0, 2, 20.33, 10588, 856, 0, 0
460, 0, 1, 86, 83, 3, 5.23%, 0, 0, 2, 19.14, 10685, 856, 0, 0
465, 0, 1, 86, 83, 3, 5.23%, 0, 0, 2, 15.90, 10807, 856, 0, 0
470, 0, 1, 86, 83, 3, 5.23%, 0, 0, 2, 18.36, 10903, 856, 0, 0
475, 0, 1, 88, 85, 3, 5.23%, 0, 0, 2, 28.10, 11061, 856, 0, 0
481, 0, 1, 88, 85, 3, 5.23%, 0, 0, 2, 36.78, 11267, 856, 0, 0
486, 0, 1, 88, 85, 3, 5.23%, 0, 0, 2, 26.96, 11395, 856, 0, 0
491, 0, 1, 88, 85, 3, 5.23%, 0, 0, 2, 28.45, 11546, 856, 0, 0
496, 0, 1, 88, 85, 3, 5.23%, 0, 0, 2, 20.45, 11687, 856, 0, 0
501, 0, 1, 88, 85, 3, 5.23%, 0, 0, 2, 18.99, 11784, 856, 0, 0
506, 0, 1, 88, 85, 3, 5.23%, 0, 0, 2, 21.19, 11896, 856, 0, 0
511, 0, 1, 88, 85, 3, 5.23%, 0, 0, 2, 21.84, 12011, 856, 0, 0
516, 0, 1, 88, 85, 3, 5.23%, 0, 0, 2, 21.70, 12134, 856, 0, 0
522, 0, 1, 88, 85, 3, 5.23%, 0, 0, 2, 21.82, 12242, 856, 0, 0
527, 0, 1, 88, 85, 3, 5.23%, 0, 0, 2, 20.82, 12383, 856, 0, 0
532, 0, 1, 88, 85, 3, 5.23%, 0, 0, 2, 18.74, 12478, 856, 0, 0
537, 0, 1, 88, 85, 3, 5.23%, 0, 0, 2, 17.68, 12567, 856, 0, 0
542, 0, 1, 88, 85, 3, 5.23%, 0, 0, 2, 18.95, 12663, 856, 0, 0
547, 0, 1, 88, 85, 3, 5.23%, 0, 0, 2, 18.31, 12755, 856, 0, 0
552, 0, 1, 88, 85, 3, 5.23%, 0, 0, 2, 17.68, 12845, 856, 0, 0
558, 0, 1, 88, 85, 3, 5.23%, 0, 0, 2, 23.71, 12992, 856, 0, 0
563, 0, 1, 88, 85, 3, 5.23%, 0, 0, 2, 20.42, 13091, 856, 0, 0
568, 0, 1, 88, 85, 3, 5.23%, 0, 0, 2, 24.53, 13211, 856, 0, 0
573, 0, 1, 88, 85, 3, 5.23%, 0, 0, 2, 19.20, 13302, 856, 0, 0
578, 0, 1, 88, 85, 3, 5.23%, 0, 0, 2, 19.52, 13403, 856, 0, 0
583, 0, 1, 88, 85, 3, 5.23%, 0, 0, 2, 16.67, 13486, 856, 0, 0
588, 0, 1, 88, 85, 3, 5.23%, 0, 0, 2, 23.49, 13622, 856, 0, 0
593, 0, 1, 88, 85, 3, 5.23%, 0, 0, 2, 21.09, 13723, 856, 0, 0
598, 0, 1, 88, 85, 3, 5.23%, 0, 0, 2, 24.55, 13855, 856, 0, 0
603, 0, 1, 88, 85, 3, 5.23%, 0, 0, 2, 25.49, 13993, 856, 0, 0
609, 0, 1, 88, 85, 3, 5.23%, 0, 0, 2, 28.05, 14137, 856, 0, 0
614, 0, 1, 88, 85, 3, 5.23%, 0, 0, 2, 28.84, 14288, 856, 0, 0
619, 0, 1, 88, 85, 3, 5.23%, 0, 0, 2, 24.36, 14443, 856, 0, 0
624, 0, 1, 88, 85, 3, 5.23%, 0, 0, 2, 22.35, 14547, 856, 0, 0
629, 0, 1, 88, 85, 3, 5.23%, 0, 0, 2, 23.84, 14673, 856, 0, 0
634, 0, 1, 89, 86, 3, 5.23%, 0, 0, 2, 21.01, 14776, 856, 0, 0
639, 0, 1, 91, 88, 3, 5.23%, 0, 0, 2, 22.12, 14895, 856, 0, 0
644, 0, 1, 91, 88, 3, 5.23%, 0, 0, 2, 19.32, 14990, 856, 0, 0
649, 0, 1, 91, 88, 3, 5.23%, 0, 0, 2, 22.87, 15126, 856, 0, 0
654, 0, 1, 92, 89, 3, 5.23%, 0, 0, 2, 25.09, 15261, 856, 0, 0
660, 0, 1, 92, 89, 3, 5.23%, 0, 0, 2, 22.11, 15377, 856, 0, 0
665, 0, 1, 92, 89, 3, 5.23%, 0, 0, 2, 22.64, 15487, 856, 0, 0
670, 0, 1, 92, 89, 3, 5.23%, 0, 0, 2, 20.29, 15593, 856, 0, 0
675, 0, 1, 92, 89, 3, 5.23%, 0, 0, 2, 18.44, 15682, 856, 0, 0
680, 0, 1, 92, 89, 3, 5.23%, 0, 0, 2, 16.89, 15801, 856, 0, 0
685, 0, 1, 92, 89, 3, 5.23%, 0, 0, 2, 19.16, 15901, 856, 0, 0
690, 0, 1, 92, 89, 3, 5.23%, 0, 0, 2, 19.65, 15999, 856, 0, 0
695, 0, 1, 92, 89, 3, 5.23%, 0, 0, 2, 19.96, 16104, 856, 0, 0
700, 0, 1, 92, 89, 3, 5.23%, 0, 0, 2, 17.99, 16193, 856, 0, 0
705, 0, 1, 92, 89, 3, 5.23%, 0, 0, 2, 24.37, 16330, 856, 0, 0
710, 0, 1, 92, 89, 3, 5.23%, 0, 0, 2, 22.11, 16476, 856, 0, 0
716, 0, 1, 92, 89, 3, 5.23%, 0, 0, 2, 21.48, 16591, 856, 0, 0
721, 0, 1, 92, 89, 3, 5.23%, 0, 0, 2, 19.38, 16687, 856, 0, 0
726, 0, 1, 92, 89, 3, 5.23%, 0, 0, 2, 19.42, 16789, 856, 0, 0
731, 0, 1, 92, 89, 3, 5.23%, 0, 0, 2, 19.72, 16891, 856, 0, 0
736, 0, 1, 92, 89, 3, 5.23%, 0, 0, 2, 23.13, 17008, 856, 0, 0
741, 0, 1, 92, 89, 3, 5.23%, 0, 0, 2, 18.12, 17139, 856, 0, 0
746, 0, 1, 92, 89, 3, 5.23%, 0, 0, 2, 24.67, 17271, 856, 0, 0
751, 0, 1, 93, 90, 3, 5.23%, 0, 0, 2, 19.92, 17365, 856, 0, 0
757, 0, 1, 93, 90, 3, 5.23%, 0, 0, 2, 18.52, 17459, 856, 0, 0
762, 0, 1, 93, 90, 3, 5.23%, 0, 0, 2, 18.38, 17550, 856, 0, 0
767, 0, 1, 93, 90, 3, 5.23%, 0, 0, 2, 19.21, 17651, 856, 0, 0
772, 0, 1, 93, 90, 3, 5.23%, 0, 0, 2, 18.39, 17765, 856, 0, 0
777, 0, 1, 93, 90, 3, 5.23%, 0, 0, 2, 18.25, 17857, 856, 0, 0
782, 0, 1, 93, 90, 3, 5.23%, 0, 0, 2, 20.99, 17968, 856, 0, 0
787, 0, 1, 94, 91, 3, 5.23%, 0, 0, 2, 19.10, 18066, 856, 0, 0
792, 0, 1, 94, 91, 3, 5.23%, 0, 0, 2, 21.81, 18175, 856, 0, 0
797, 0, 1, 94, 91, 3, 5.23%, 0, 0, 2, 19.88, 18277, 856, 0, 0
803, 0, 1, 94, 91, 3, 5.23%, 0, 0, 2, 27.65, 18410, 856, 0, 0
808, 0, 3, 94, 90, 16, 5.23%, 0, 0, 2, 21.22, 18512, 856, 0, 0
813, 0, 9, 95, 90, 16, 5.24%, 0, 0, 2, 18.26, 18607, 857, 0, 0
818, 0, 9, 95, 90, 16, 5.24%, 0, 0, 2, 16.30, 18685, 857, 0, 0
823, 0, 9, 95, 90, 16, 5.24%, 0, 0, 2, 15.75, 18765, 857, 0, 0
828, 0, 9, 95, 90, 16, 5.24%, 0, 0, 2, 18.52, 18862, 857, 0, 0
833, 0, 9, 95, 90, 16, 5.24%, 0, 0, 2, 14.99, 18974, 857, 0, 0
838, 0, 9, 95, 90, 16, 5.24%, 0, 0, 2, 17.99, 19069, 857, 0, 0
843, 0, 9, 95, 90, 16, 5.24%, 0, 0, 2, 15.55, 19145, 857, 0, 0
849, 0, 9, 95, 90, 16, 5.24%, 0, 0, 2, 16.59, 19231, 857, 0, 0
854, 0, 9, 95, 90, 16, 5.24%, 0, 0, 2, 17.28, 19318, 857, 0, 0
859, 0, 9, 95, 90, 16, 5.24%, 0, 0, 2, 15.80, 19398, 857, 0, 0
864, 0, 9, 95, 90, 16, 5.24%, 0, 0, 2, 12.92, 19493, 857, 0, 0
869, 0, 9, 95, 90, 16, 5.24%, 0, 0, 2, 15.09, 19573, 857, 0, 0
874, 0, 9, 95, 90, 16, 5.24%, 0, 0, 2, 16.48, 19662, 857, 0, 0
879, 0, 9, 95, 90, 16, 5.24%, 0, 0, 2, 15.47, 19737, 857, 0, 0
885, 0, 9, 101, 96, 16, 5.25%, 0, 0, 2, 17.65, 19834, 859, 0, 0
890, 0, 9, 106, 101, 16, 5.25%, 0, 0, 2, 16.53, 19914, 859, 0, 0
895, 0, 9, 114, 109, 16, 5.25%, 0, 0, 2, 14.92, 20024, 859, 0, 0
900, 0, 9, 122, 117, 16, 5.25%, 0, 0, 2, 17.47, 20118, 859, 0, 0
905, 0, 9, 129, 124, 16, 5.25%, 0, 0, 2, 16.47, 20199, 859, 0, 0
910, 0, 9, 135, 130, 16, 5.25%, 0, 0, 2, 15.84, 20274, 859, 0, 0
915, 0, 9, 141, 136, 16, 5.25%, 0, 0, 2, 17.14, 20366, 859, 0, 0
920, 0, 9, 147, 142, 16, 5.25%, 0, 0, 2, 18.46, 20464, 859, 0, 0
926, 0, 9, 154, 149, 16, 5.25%, 0, 0, 2, 15.02, 20580, 859, 0, 0
931, 0, 9, 157, 152, 16, 5.25%, 0, 0, 2, 15.18, 20664, 859, 0, 0
937, 0, 9, 162, 157, 16, 5.25%, 0, 0, 2, 16.33, 20751, 859, 0, 0
942, 0, 9, 163, 158, 16, 5.25%, 0, 0, 2, 14.60, 20825, 859, 0, 0
947, 0, 9, 167, 162, 16, 5.26%, 0, 0, 2, 14.63, 20896, 860, 0, 0
952, 0, 9, 171, 166, 16, 5.27%, 0, 0, 2, 15.27, 20975, 862, 0, 0
957, 0, 9, 176, 171, 16, 5.28%, 0, 0, 2, 16.73, 21084, 863, 0, 0
962, 0, 9, 178, 173, 16, 5.28%, 0, 0, 2, 15.91, 21162, 864, 0, 0
967, 0, 9, 178, 173, 16, 5.28%, 0, 0, 2, 15.44, 21240, 864, 0, 0
972, 0, 9, 179, 174, 16, 5.28%, 0, 0, 2, 16.14, 21325, 864, 0, 0
977, 0, 9, 179, 174, 16, 5.28%, 0, 0, 2, 17.63, 21419, 864, 0, 0
983, 0, 9, 180, 175, 16, 5.28%, 0, 0, 2, 18.72, 21516, 864, 0, 0
988, 0, 9, 180, 175, 16, 5.28%, 0, 0, 2, 15.29, 21641, 864, 0, 0
993, 0, 9, 180, 175, 16, 5.28%, 0, 0, 2, 16.17, 21725, 864, 0, 0
998, 0, 9, 180, 175, 16, 5.28%, 0, 0, 2, 15.79, 21805, 864, 0, 0
1003, 0, 9, 180, 175, 16, 5.28%, 0, 0, 2, 15.97, 21891, 864, 0, 0
1008, 0, 9, 180, 175, 16, 5.28%, 0, 0, 2, 16.17, 21974, 864, 0, 0
1013, 0, 9, 180, 175, 16, 5.28%, 0, 0, 2, 17.31, 22067, 864, 0, 0
1018, 0, 9, 180, 175, 16, 5.28%, 0, 0, 2, 18.42, 22199, 864, 0, 0
1024, 0, 9, 181, 176, 16, 5.28%, 0, 0, 2, 17.91, 22292, 864, 0, 0
1029, 0, 9, 181, 176, 16, 5.28%, 0, 0, 2, 18.97, 22387, 864, 0, 0
1034, 0, 9, 181, 176, 16, 5.28%, 0, 0, 2, 17.19, 22471, 864, 0, 0
1039, 0, 9, 181, 176, 16, 5.28%, 0, 0, 2, 17.96, 22562, 864, 0, 0
1044, 0, 9, 181, 176, 16, 5.28%, 0, 0, 2, 16.63, 22644, 864, 0, 0
1049, 0, 9, 181, 176, 16, 5.28%, 0, 0, 2, 18.26, 22761, 864, 0, 0
1054, 0, 9, 181, 176, 16, 5.28%, 0, 0, 2, 16.45, 22842, 864, 0, 0
1059, 0, 9, 182, 177, 16, 5.28%, 0, 0, 2, 18.12, 22941, 864, 0, 0
1064, 0, 9, 182, 177, 16, 5.28%, 0, 0, 2, 21.10, 23052, 864, 0, 0
1069, 0, 9, 183, 178, 16, 5.28%, 0, 0, 2, 22.74, 23165, 864, 0, 0
1075, 0, 9, 183, 178, 16, 5.28%, 0, 0, 2, 24.70, 23291, 864, 0, 0
1080, 0, 9, 184, 179, 16, 5.28%, 0, 0, 2, 26.75, 23449, 864, 0, 0
1085, 0, 9, 185, 180, 16, 5.28%, 0, 0, 2, 20.20, 23543, 864, 0, 0
1090, 0, 9, 185, 180, 16, 5.28%, 0, 0, 2, 17.81, 23634, 864, 0, 0
1095, 0, 9, 185, 180, 16, 5.28%, 0, 0, 2, 16.94, 23720, 864, 0, 0
1100, 0, 9, 185, 180, 16, 5.28%, 0, 0, 2, 16.02, 23802, 864, 0, 0
1105, 0, 9, 185, 180, 16, 5.28%, 0, 0, 2, 16.98, 23886, 864, 0, 0
1111, 0, 9, 186, 181, 16, 5.28%, 0, 0, 2, 21.44, 24021, 864, 0, 0
1116, 0, 9, 186, 181, 16, 5.28%, 0, 0, 2, 18.62, 24113, 864, 0, 0
1121, 0, 9, 186, 181, 16, 5.28%, 0, 0, 2, 22.49, 24225, 864, 0, 0
1126, 0, 9, 186, 181, 16, 5.28%, 0, 0, 2, 17.79, 24308, 864, 0, 0
1131, 0, 9, 186, 181, 16, 5.28%, 0, 0, 2, 16.43, 24392, 864, 0, 0
1136, 0, 9, 186, 181, 16, 5.28%, 0, 0, 2, 16.91, 24480, 864, 0, 0
1141, 0, 9, 186, 181, 16, 5.28%, 0, 0, 2, 15.72, 24596, 864, 0, 0
1147, 0, 9, 186, 181, 16, 5.28%, 0, 0, 2, 16.85, 24684, 864, 0, 0
1152, 0, 9, 186, 181, 16, 5.28%, 0, 0, 2, 16.56, 24768, 864, 0, 0
1157, 0, 9, 189, 184, 16, 5.28%, 0, 0, 2, 17.48, 24869, 864, 0, 0
1162, 0, 9, 189, 184, 16, 5.28%, 0, 0, 2, 20.25, 24972, 864, 0, 0
1167, 0, 9, 189, 184, 16, 5.28%, 0, 0, 2, 24.12, 25098, 864, 0, 0
1173, 0, 9, 190, 185, 16, 5.28%, 0, 0, 2, 17.66, 25243, 864, 0, 0
1178, 0, 9, 190, 185, 16, 5.28%, 0, 0, 2, 20.90, 25356, 864, 0, 0
1183, 0, 9, 190, 185, 16, 5.28%, 0, 0, 2, 17.07, 25436, 864, 0, 0
1188, 0, 9, 190, 185, 16, 5.28%, 0, 0, 2, 14.67, 25508, 864, 0, 0
1193, 0, 9, 191, 186, 16, 5.28%, 0, 0, 2, 15.64, 25587, 864, 0, 0
1198, 0, 9, 191, 186, 16, 5.28%, 0, 0, 2, 15.85, 25669, 864, 0, 0
1204, 0, 9, 191, 186, 16, 5.28%, 0, 0, 2, 20.58, 25808, 864, 0, 0
1209, 0, 9, 191, 186, 16, 5.28%, 0, 0, 2, 18.71, 25900, 864, 0, 0
1214, 0, 9, 191, 186, 16, 5.28%, 0, 0, 2, 20.22, 25999, 864, 0, 0
1219, 0, 9, 193, 188, 16, 5.28%, 0, 0, 2, 17.16, 26079, 864, 0, 0
1224, 0, 9, 194, 189, 16, 5.28%, 0, 0, 2, 16.85, 26160, 864, 0, 0
1229, 0, 9, 194, 189, 16, 5.28%, 0, 0, 2, 18.03, 26260, 864, 0, 0
1234, 0, 9, 195, 190, 16, 5.28%, 0, 0, 2, 17.63, 26382, 864, 0, 0
1239, 0, 9, 195, 190, 16, 5.28%, 0, 0, 2, 17.58, 26468, 864, 0, 0
1245, 0, 9, 195, 190, 16, 5.28%, 0, 0, 2, 16.91, 26551, 864, 0, 0
1250, 0, 9, 195, 190, 16, 5.28%, 0, 0, 2, 20.74, 26660, 864, 0, 0
1255, 0, 9, 195, 190, 16, 5.28%, 0, 0, 2, 18.97, 26753, 864, 0, 0
1260, 0, 9, 196, 191, 16, 5.28%, 0, 0, 2, 19.86, 26852, 864, 0, 0
1265, 0, 9, 196, 191, 16, 5.28%, 0, 0, 2, 18.35, 26988, 864, 0, 0
1270, 0, 9, 196, 191, 16, 5.28%, 0, 0, 2, 16.25, 27072, 864, 0, 0
1275, 0, 9, 197, 192, 16, 5.28%, 0, 0, 2, 16.17, 27151, 864, 0, 0
1280, 0, 9, 197, 192, 16, 5.28%, 0, 0, 2, 15.38, 27231, 864, 0, 0
1285, 0, 9, 197, 192, 16, 5.28%, 0, 0, 2, 16.44, 27317, 864, 0, 0
1291, 0, 9, 197, 192, 16, 5.28%, 0, 0, 2, 15.57, 27396, 864, 0, 0
1296, 0, 9, 197, 192, 16, 5.28%, 0, 0, 2, 19.77, 27522, 864, 0, 0
1301, 0, 9, 197, 192, 16, 5.28%, 0, 0, 2, 17.17, 27607, 864, 0, 0
1306, 0, 9, 197, 192, 16, 5.28%, 0, 0, 2, 19.34, 27704, 864, 0, 0
1311, 0, 9, 197, 192, 16, 5.28%, 0, 0, 2, 16.31, 27786, 864, 0, 0
1316, 0, 9, 197, 192, 16, 5.28%, 0, 0, 2, 18.44, 27878, 864, 0, 0
1321, 0, 9, 198, 193, 16, 5.28%, 0, 0, 2, 15.04, 27950, 864, 0, 0
1326, 0, 9, 198, 193, 16, 5.28%, 0, 0, 2, 16.08, 28051, 864, 0, 0
1331, 0, 9, 198, 193, 16, 5.28%, 0, 0, 2, 15.50, 28129, 864, 0, 0
1336, 0, 9, 199, 194, 16, 5.28%, 0, 0, 2, 13.85, 28195, 864, 0, 0
1341, 0, 9, 199, 194, 16, 5.28%, 0, 0, 2, 16.17, 28277, 864, 0, 0
1346, 0, 9, 200, 195, 16, 5.28%, 0, 0, 2, 17.65, 28367, 864, 0, 0
1352, 0, 9, 200, 195, 16, 5.28%, 0, 0, 2, 16.44, 28450, 864, 0, 0
1357, 0, 9, 200, 195, 16, 5.28%, 0, 0, 2, 15.64, 28579, 864, 0, 0
1362, 0, 9, 200, 195, 16, 5.28%, 0, 0, 2, 15.24, 28656, 864, 0, 0
1367, 0, 9, 200, 195, 16, 5.28%, 0, 0, 2, 15.07, 28732, 864, 0, 0
1372, 0, 9, 201, 196, 16, 5.28%, 0, 0, 2, 15.17, 28808, 864, 0, 0
1377, 0, 9, 201, 196, 16, 5.28%, 0, 0, 2, 16.23, 28896, 864, 0, 0
1382, 0, 9, 201, 196, 16, 5.28%, 0, 0, 2, 17.90, 28982, 864, 0, 0
1387, 0, 9, 201, 196, 16, 5.28%, 0, 0, 2, 18.11, 29110, 864, 0, 0
1392, 0, 9, 201, 196, 16, 5.28%, 0, 0, 2, 15.50, 29187, 864, 0, 0
1397, 0, 9, 201, 196, 16, 5.28%, 0, 0, 2, 17.10, 29280, 864, 0, 0
1403, 0, 9, 201, 196, 16, 5.28%, 0, 0, 2, 18.72, 29383, 864, 0, 0
1408, 0, 9, 201, 196, 16, 5.28%, 0, 0, 2, 17.41, 29477, 864, 0, 0
1413, 0, 9, 201, 196, 16, 5.28%, 0, 0, 2, 16.24, 29556, 864, 0, 0
1418, 0, 9, 201, 196, 16, 5.28%, 0, 0, 2, 14.49, 29669, 864, 0, 0
1423, 0, 9, 201, 196, 16, 5.28%, 0, 0, 2, 15.25, 29745, 864, 0, 0
1428, 0, 9, 201, 196, 16, 5.28%, 0, 0, 2, 14.32, 29817, 864, 0, 0
1433, 0, 9, 201, 196, 16, 5.28%, 0, 0, 2, 16.50, 29901, 864, 0, 0
1439, 0, 9, 201, 196, 16, 5.28%, 0, 0, 2, 15.76, 29983, 864, 0, 0
1444, 0, 9, 201, 196, 16, 5.28%, 0, 0, 2, 16.47, 30064, 864, 0, 0
1449, 0, 9, 201, 196, 16, 5.28%, 0, 0, 2, 14.55, 30198, 864, 0, 0
1454, 0, 9, 201, 196, 16, 5.28%, 0, 0, 2, 14.97, 30270, 864, 0, 0
1459, 0, 9, 201, 196, 16, 5.28%, 0, 0, 2, 14.27, 30341, 864, 0, 0
1464, 0, 9, 201, 196, 16, 5.28%, 0, 0, 2, 14.47, 30415, 864, 0, 0
1469, 0, 9, 201, 196, 16, 5.28%, 0, 0, 2, 16.36, 30502, 864, 0, 0
1474, 0, 9, 201, 196, 16, 5.28%, 0, 0, 2, 16.53, 30585, 864, 0, 0
1479, 0, 9, 201, 196, 16, 5.28%, 0, 0, 2, 19.43, 30703, 864, 0, 0
1485, 0, 9, 203, 198, 16, 5.28%, 0, 0, 2, 17.96, 30791, 864, 0, 0
1490, 0, 9, 204, 199, 16, 5.29%, 0, 0, 2, 18.45, 30886, 865, 0, 0
1495, 0, 9, 204, 199, 16, 5.29%, 0, 0, 2, 17.10, 30973, 865, 0, 0
1500, 0, 9, 205, 200, 16, 5.29%, 0, 0, 2, 16.32, 31056, 865, 0, 0
1505, 0, 9, 205, 200, 16, 5.29%, 0, 0, 2, 19.23, 31152, 865, 0, 0
1510, 0, 9, 205, 200, 16, 5.29%, 0, 0, 2, 18.45, 31255, 865, 0, 0
1515, 0, 9, 205, 200, 16, 5.29%, 0, 0, 2, 19.15, 31351, 865, 0, 0
1521, 0, 9, 205, 200, 16, 5.29%, 0, 0, 2, 17.45, 31442, 865, 0, 0
1526, 0, 9, 205, 200, 16, 5.29%, 0, 0, 2, 22.48, 31554, 865, 0, 0
1531, 0, 9, 205, 200, 16, 5.29%, 0, 0, 2, 21.79, 31670, 865, 0, 0
1536, 0, 9, 205, 200, 16, 5.29%, 0, 0, 2, 24.16, 31791, 865, 0, 0
1541, 0, 9, 205, 200, 16, 5.29%, 0, 0, 2, 13.33, 31905, 865, 0, 0
1546, 0, 9, 205, 200, 16, 5.29%, 0, 0, 2, 16.55, 31992, 865, 0, 0
1551, 0, 9, 205, 200, 16, 5.29%, 0, 0, 2, 15.97, 32071, 865, 0, 0
1556, 0, 9, 205, 200, 16, 5.29%, 0, 0, 2, 14.79, 32142, 865, 0, 0
1561, 0, 9, 205, 200, 16, 5.29%, 0, 0, 2, 14.78, 32216, 865, 0, 0
1566, 0, 9, 205, 200, 16, 5.29%, 0, 0, 2, 16.28, 32297, 865, 0, 0
1571, 0, 9, 205, 200, 16, 5.29%, 0, 0, 2, 15.85, 32396, 865, 0, 0
1576, 0, 9, 205, 200, 16, 5.29%, 0, 0, 2, 15.52, 32477, 865, 0, 0
1582, 0, 9, 205, 200, 16, 5.29%, 0, 0, 2, 15.65, 32556, 865, 0, 0
1587, 0, 9, 205, 200, 16, 5.29%, 0, 0, 2, 16.84, 32644, 865, 0, 0
1592, 0, 9, 205, 200, 16, 5.29%, 0, 0, 2, 15.96, 32722, 865, 0, 0
1597, 0, 9, 205, 200, 16, 5.29%, 0, 0, 2, 18.54, 32818, 865, 0, 0
1602, 0, 9, 205, 200, 16, 5.29%, 0, 0, 2, 15.08, 32927, 865, 0, 0
1607, 0, 9, 205, 200, 16, 5.29%, 0, 0, 2, 15.33, 33010, 865, 0, 0
1612, 0, 9, 205, 200, 16, 5.29%, 0, 0, 2, 15.30, 33091, 865, 0, 0
1618, 0, 9, 205, 200, 16, 5.29%, 0, 0, 2, 17.32, 33181, 865, 0, 0
1623, 0, 9, 205, 200, 16, 5.29%, 0, 0, 2, 17.62, 33271, 865, 0, 0
1628, 0, 9, 205, 200, 16, 5.29%, 0, 0, 2, 18.62, 33362, 865, 0, 0
1633, 0, 9, 205, 200, 16, 5.29%, 0, 0, 2, 15.92, 33472, 865, 0, 0
1638, 0, 9, 205, 200, 16, 5.29%, 0, 0, 2, 15.89, 33557, 865, 0, 0
1643, 0, 9, 205, 200, 16, 5.29%, 0, 0, 2, 18.57, 33652, 865, 0, 0
1648, 0, 9, 205, 200, 16, 5.29%, 0, 0, 2, 16.59, 33739, 865, 0, 0
1654, 0, 9, 205, 200, 16, 5.29%, 0, 0, 2, 16.67, 33821, 865, 0, 0
1659, 0, 9, 205, 200, 16, 5.29%, 0, 0, 2, 19.68, 33929, 865, 0, 0
1664, 0, 9, 205, 200, 16, 5.29%, 0, 0, 2, 14.62, 34033, 865, 0, 0
1669, 0, 9, 205, 200, 16, 5.29%, 0, 0, 2, 18.30, 34127, 865, 0, 0
1674, 0, 9, 205, 200, 16, 5.29%, 0, 0, 2, 16.74, 34211, 865, 0, 0
1679, 0, 9, 205, 200, 16, 5.29%, 0, 0, 2, 16.41, 34294, 865, 0, 0
1684, 0, 9, 205, 200, 16, 5.29%, 0, 0, 2, 18.98, 34388, 865, 0, 0
1689, 0, 9, 205, 200, 16, 5.29%, 0, 0, 2, 18.18, 34482, 865, 0, 0
1695, 0, 9, 205, 200, 16, 5.29%, 0, 0, 2, 18.30, 34604, 865, 0, 0
1700, 0, 9, 205, 200, 16, 5.29%, 0, 0, 2, 17.98, 34692, 865, 0, 0
1705, 0, 9, 205, 200, 16, 5.29%, 0, 0, 2, 21.29, 34801, 865, 0, 0
1710, 0, 9, 205, 200, 16, 5.29%, 0, 0, 2, 17.02, 34883, 865, 0, 0
1715, 0, 9, 205, 200, 16, 5.29%, 0, 0, 2, 20.89, 34983, 865, 0, 0
1720, 0, 9, 205, 200, 16, 5.29%, 0, 0, 2, 18.42, 35082, 865, 0, 0
1725, 0, 9, 205, 200, 16, 5.29%, 0, 0, 2, 16.41, 35197, 865, 0, 0
1730, 0, 9, 205, 200, 16, 5.29%, 0, 0, 2, 15.83, 35278, 865, 0, 0
1735, 0, 9, 205, 200, 16, 5.29%, 0, 0, 2, 16.79, 35361, 865, 0, 0
1741, 0, 9, 205, 200, 16, 5.29%, 0, 0, 2, 17.31, 35448, 865, 0, 0
1746, 0, 9, 205, 200, 16, 5.29%, 0, 0, 2, 18.99, 35541, 865, 0, 0
1751, 0, 9, 205, 200, 16, 5.29%, 0, 0, 2, 17.91, 35631, 865, 0, 0
1756, 0, 9, 205, 200, 16, 5.29%, 0, 0, 2, 18.12, 35747, 865, 0, 0
1761, 0, 9, 205, 200, 16, 5.29%, 0, 0, 2, 18.94, 35844, 865, 0, 0
1766, 0, 9, 205, 200, 16, 5.29%, 0, 0, 2, 19.11, 35938, 865, 0, 0
1771, 0, 9, 205, 200, 16, 5.29%, 0, 0, 2, 16.35, 36017, 865, 0, 0
1776, 0, 9, 205, 200, 16, 5.29%, 0, 0, 2, 18.89, 36112, 865, 0, 0
1781, 0, 9, 205, 200, 16, 5.29%, 0, 0, 2, 19.11, 36207, 865, 0, 0
1786, 0, 21, 205, 199, 23, 5.29%, 0, 0, 2, 15.52, 36311, 865, 0, 0
1791, 0, 21, 205, 199, 23, 5.29%, 0, 0, 2, 16.75, 36400, 865, 0, 0
1796, 0, 21, 205, 199, 23, 5.29%, 0, 0, 2, 18.72, 36500, 865, 0, 0
1801, 0, 21, 205, 199, 23, 5.29%, 0, 0, 2, 17.05, 36582, 865, 0, 0
1807, 0, 21, 205, 199, 23, 5.29%, 0, 0, 2, 22.12, 36703, 865, 0, 0
1812, 0, 21, 205, 199, 23, 5.29%, 0, 0, 2, 18.11, 36790, 865, 0, 0
1817, 0, 21, 205, 199, 23, 5.29%, 0, 0, 2, 19.05, 36908, 865, 0, 0
1822, 0, 21, 205, 199, 23, 5.29%, 0, 0, 2, 16.72, 36990, 865, 0, 0
1827, 0, 21, 205, 199, 23, 5.29%, 0, 0, 2, 17.47, 37081, 865, 0, 0
1832, 0, 21, 205, 199, 23, 5.29%, 0, 0, 2, 15.38, 37154, 865, 0, 0
1837, 0, 21, 205, 199, 23, 5.29%, 0, 0, 2, 16.77, 37238, 865, 0, 0
1842, 0, 21, 205, 199, 23, 5.29%, 0, 0, 2, 17.58, 37333, 865, 0, 0
1847, 0, 21, 205, 199, 23, 5.29%, 0, 0, 2, 18.44, 37453, 865, 0, 0
1852, 0, 21, 205, 199, 23, 5.29%, 0, 0, 2, 20.16, 37555, 865, 0, 0
1858, 0, 21, 205, 199, 23, 5.29%, 0, 0, 2, 18.25, 37650, 865, 0, 0
1863, 0, 21, 205, 199, 23, 5.29%, 0, 0, 2, 16.49, 37732, 865, 0, 0
1868, 0, 21, 205, 199, 23, 5.29%, 0, 0, 2, 15.76, 37809, 865, 0, 0
1873, 0, 21, 205, 199, 23, 5.29%, 0, 0, 2, 16.77, 37895, 865, 0, 0
1878, 0, 21, 205, 199, 23, 5.29%, 0, 0, 2, 15.13, 38004, 865, 0, 0
1883, 0, 21, 205, 199, 23, 5.29%, 0, 0, 2, 15.80, 38087, 865, 0, 0
1888, 0, 21, 205, 199, 23, 5.29%, 0, 0, 2, 20.20, 38199, 865, 0, 0
1893, 0, 21, 205, 199, 23, 5.29%, 0, 0, 2, 19.22, 38295, 865, 0, 0
1899, 0, 21, 205, 199, 23, 5.29%, 0, 0, 2, 21.63, 38406, 865, 0, 0
1904, 0, 21, 205, 199, 23, 5.29%, 0, 0, 2, 19.41, 38499, 865, 0, 0
1909, 0, 21, 205, 199, 23, 5.29%, 0, 0, 2, 16.34, 38612, 865, 0, 0
1914, 0, 21, 205, 199, 23, 5.29%, 0, 0, 2, 16.03, 38692, 865, 0, 0
1919, 0, 21, 205, 199, 23, 5.29%, 0, 0, 2, 16.04, 38775, 865, 0, 0
1924, 0, 21, 205, 199, 23, 5.29%, 0, 0, 2, 17.84, 38866, 865, 0, 0
1929, 0, 21, 205, 199, 23, 5.29%, 0, 0, 2, 17.51, 38956, 865, 0, 0
1934, 0, 21, 205, 199, 23, 5.29%, 0, 0, 2, 17.68, 39049, 865, 0, 0
1939, 0, 21, 205, 199, 23, 5.29%, 0, 0, 2, 20.30, 39168, 865, 0, 0
1944, 0, 21, 205, 199, 23, 5.29%, 0, 0, 2, 19.33, 39271, 865, 0, 0
1950, 0, 21, 205, 199, 23, 5.29%, 0, 0, 2, 17.39, 39357, 865, 0, 0
1955, 0, 21, 205, 199, 23, 5.29%, 0, 0, 2, 17.55, 39442, 865, 0, 0
1960, 0, 21, 206, 200, 23, 5.29%, 0, 0, 3, 17.19, 39531, 865, 0, 0
1965, 0, 21, 206, 200, 23, 5.29%, 0, 0, 3, 17.51, 39623, 865, 0, 0
1970, 0, 21, 206, 200, 23, 5.29%, 0, 0, 3, 14.70, 39738, 865, 0, 0
1975, 0, 21, 206, 200, 23, 5.29%, 0, 0, 3, 18.42, 39832, 865, 0, 0
1980, 0, 21, 206, 200, 23, 5.29%, 0, 0, 3, 18.35, 39921, 865, 0, 0
1985, 0, 21, 206, 200, 23, 5.29%, 0, 0, 3, 17.65, 40010, 865, 0, 0
1991, 0, 21, 206, 200, 23, 5.29%, 0, 0, 3, 24.03, 40142, 865, 0, 0
1996, 0, 21, 206, 200, 23, 5.29%, 0, 0, 3, 19.49, 40233, 865, 0, 0
2001, 0, 21, 206, 200, 23, 5.29%, 0, 0, 3, 15.51, 40342, 865, 0, 0
2006, 0, 21, 206, 200, 23, 5.29%, 0, 0, 3, 16.78, 40427, 865, 0, 0
2011, 0, 21, 206, 200, 23, 5.29%, 0, 0, 3, 17.07, 40518, 865, 0, 0
2016, 0, 21, 206, 200, 23, 5.29%, 0, 0, 3, 17.66, 40606, 865, 0, 0
2021, 0, 21, 206, 200, 23, 5.29%, 0, 0, 3, 16.78, 40689, 865, 0, 0
2026, 0, 21, 206, 200, 23, 5.29%, 0, 0, 3, 16.50, 40777, 865, 0, 0
2031, 0, 21, 206, 200, 23, 5.29%, 0, 0, 3, 17.97, 40893, 865, 0, 0
2037, 0, 21, 206, 200, 23, 5.29%, 0, 0, 3, 18.27, 40992, 865, 0, 0
2042, 0, 21, 206, 200, 23, 5.29%, 0, 0, 3, 16.56, 41075, 865, 0, 0
2047, 0, 21, 206, 200, 23, 5.29%, 0, 0, 3, 17.20, 41165, 865, 0, 0
2052, 0, 23, 206, 199, 22, 5.29%, 0, 0, 3, 16.26, 41246, 865, 0, 0
2057, 0, 23, 206, 199, 22, 5.29%, 0, 0, 3, 16.63, 41337, 865, 0, 0
2062, 0, 23, 206, 199, 22, 5.29%, 0, 0, 3, 18.27, 41447, 865, 0, 0
2067, 0, 23, 206, 199, 22, 5.29%, 0, 0, 3, 18.40, 41538, 865, 0, 0
2073, 0, 23, 206, 199, 22, 5.29%, 0, 0, 3, 18.17, 41632, 865, 0, 0
2078, 0, 23, 206, 199, 22, 5.29%, 0, 0, 3, 17.19, 41718, 865, 0, 0
2083, 0, 23, 206, 199, 22, 5.29%, 0, 0, 3, 19.42, 41819, 865, 0, 0
2088, 0, 23, 206, 199, 22, 5.29%, 0, 0, 3, 17.36, 41908, 865, 0, 0
2093, 0, 23, 206, 199, 22, 5.29%, 0, 0, 3, 19.48, 42038, 865, 0, 0
2098, 0, 23, 206, 199, 22, 5.29%, 0, 0, 3, 20.45, 42146, 865, 0, 0
2103, 0, 23, 206, 199, 22, 5.29%, 0, 0, 3, 18.58, 42240, 865, 0, 0
2108, 0, 23, 206, 199, 22, 5.29%, 0, 0, 3, 17.64, 42327, 865, 0, 0
2113, 0, 23, 206, 199, 22, 5.29%, 0, 0, 3, 17.30, 42414, 865, 0, 0
2118, 0, 23, 206, 199, 22, 5.29%, 0, 0, 3, 19.79, 42526, 865, 0, 0
2124, 0, 23, 206, 199, 22, 5.29%, 0, 0, 3, 17.02, 42649, 865, 0, 0
2129, 0, 23, 206, 199, 22, 5.29%, 0, 0, 3, 21.72, 42774, 865, 0, 0
2134, 0, 23, 206, 199, 22, 5.29%, 0, 0, 3, 17.27, 42853, 865, 0, 0
2139, 0, 23, 206, 199, 22, 5.29%, 0, 0, 3, 16.15, 42936, 865, 0, 0
2144, 0, 25, 206, 198, 21, 5.29%, 0, 0, 3, 18.04, 43026, 865, 0, 0
2149, 0, 25, 206, 198, 21, 5.29%, 0, 0, 3, 16.40, 43108, 865, 0, 0
2154, 0, 25, 206, 198, 21, 5.29%, 0, 0, 3, 16.11, 43217, 865, 0, 0
2159, 0, 25, 206, 198, 21, 5.29%, 0, 0, 3, 15.28, 43296, 865, 0, 0
2164, 0, 25, 206, 198, 21, 5.29%, 0, 0, 3, 16.64, 43380, 865, 0, 0
2169, 0, 25, 206, 198, 21, 5.29%, 0, 0, 3, 16.99, 43468, 865, 0, 0
2174, 0, 25, 206, 198, 21, 5.29%, 0, 0, 3, 18.58, 43562, 865, 0, 0
2179, 0, 25, 206, 198, 21, 5.29%, 0, 0, 3, 22.09, 43683, 865, 0, 0
2185, 0, 25, 206, 198, 21, 5.29%, 0, 0, 3, 15.97, 43793, 865, 0, 0
2190, 0, 25, 206, 198, 21, 5.29%, 0, 0, 3, 16.02, 43876, 865, 0, 0
2195, 0, 25, 206, 198, 21, 5.29%, 0, 0, 3, 17.52, 43961, 865, 0, 0
2200, 0, 25, 206, 198, 21, 5.29%, 0, 0, 3, 16.47, 44048, 865, 0, 0
2205, 0, 25, 206, 198, 21, 5.29%, 0, 0, 3, 17.38, 44133, 865, 0, 0
2210, 0, 25, 206, 198, 21, 5.29%, 0, 0, 3, 16.27, 44214, 865, 0, 0
2216, 0, 25, 206, 198, 21, 5.29%, 0, 0, 3, 17.35, 44339, 865, 0, 0
2221, 0, 25, 206, 198, 21, 5.29%, 0, 0, 3, 16.38, 44421, 865, 0, 0
2226, 0, 25, 206, 198, 21, 5.29%, 0, 0, 3, 20.91, 44541, 865, 0, 0
2231, 0, 25, 206, 198, 21, 5.29%, 0, 0, 3, 17.10, 44623, 865, 0, 0
2236, 0, 25, 206, 198, 21, 5.29%, 0, 0, 3, 17.42, 44711, 865, 0, 0
2241, 0, 32, 206, 197, 20, 5.29%, 0, 0, 3, 15.32, 44786, 865, 0, 0
2246, 0, 36, 207, 197, 20, 5.29%, 0, 0, 3, 17.07, 44902, 865, 0, 0
2251, 0, 36, 207, 197, 20, 5.29%, 0, 0, 3, 15.79, 44979, 865, 0, 0
2256, 0, 36, 207, 197, 20, 5.29%, 0, 0, 3, 18.89, 45074, 865, 0, 0
2261, 0, 36, 207, 197, 20, 5.29%, 0, 0, 3, 17.47, 45162, 865, 0, 0
2267, 0, 36, 207, 197, 20, 5.29%, 0, 0, 3, 18.14, 45250, 865, 0, 0
2272, 0, 36, 207, 197, 20, 5.29%, 0, 0, 3, 17.44, 45345, 865, 0, 0
2277, 0, 36, 207, 197, 20, 5.29%, 0, 0, 3, 16.58, 45454, 865, 0, 0
2282, 0, 36, 207, 197, 20, 5.29%, 0, 0, 3, 16.06, 45536, 865, 0, 0
2287, 0, 36, 207, 197, 20, 5.29%, 0, 0, 3, 19.56, 45638, 865, 0, 0
2292, 0, 36, 207, 197, 20, 5.29%, 0, 0, 3, 19.19, 45734, 865, 0, 0
2297, 0, 36, 207, 197, 20, 5.29%, 0, 0, 3, 18.51, 45829, 865, 0, 0
2303, 0, 36, 207, 197, 20, 5.29%, 0, 0, 3, 18.46, 45920, 865, 0, 0
2308, 0, 36, 207, 197, 20, 5.29%, 0, 0, 3, 21.08, 46063, 865, 0, 0
2313, 0, 36, 207, 197, 20, 5.29%, 0, 0, 3, 19.15, 46156, 865, 0, 0
2318, 0, 36, 207, 197, 20, 5.29%, 0, 0, 3, 17.83, 46253, 865, 0, 0
2323, 0, 36, 207, 197, 20, 5.29%, 0, 0, 3, 15.96, 46333, 865, 0, 0
2328, 0, 36, 207, 197, 20, 5.29%, 0, 0, 3, 16.94, 46423, 865, 0, 0
2333, 0, 36, 207, 197, 20, 5.29%, 0, 0, 3, 16.61, 46509, 865, 0, 0
2338, 0, 36, 207, 197, 20, 5.29%, 0, 0, 3, 16.51, 46620, 865, 0, 0
2344, 0, 40, 207, 196, 19, 5.29%, 0, 0, 3, 17.10, 46708, 865, 0, 0
2349, 0, 40, 207, 196, 19, 5.29%, 0, 0, 3, 20.24, 46816, 865, 0, 0
2354, 0, 42, 207, 195, 18, 5.29%, 0, 0, 3, 17.13, 46903, 865, 0, 0
2359, 0, 42, 207, 195, 18, 5.29%, 0, 0, 3, 19.47, 47002, 865, 0, 0
2364, 0, 42, 207, 195, 18, 5.29%, 0, 0, 3, 16.97, 47094, 865, 0, 0
2369, 0, 42, 207, 195, 18, 5.29%, 0, 0, 3, 15.31, 47208, 865, 0, 0
2374, 0, 42, 207, 195, 18, 5.29%, 0, 0, 3, 15.65, 47288, 865, 0, 0
2379, 0, 42, 207, 195, 18, 5.29%, 0, 0, 3, 16.82, 47378, 865, 0, 0
2384, 0, 42, 207, 195, 18, 5.29%, 0, 0, 3, 16.17, 47457, 865, 0, 0
2390, 0, 42, 207, 195, 18, 5.29%, 0, 0, 3, 16.69, 47546, 865, 0, 0
2395, 0, 42, 207, 195, 18, 5.29%, 0, 0, 3, 18.95, 47645, 865, 0, 0
2400, 0, 42, 207, 195, 18, 5.29%, 0, 0, 3, 17.41, 47767, 865, 0, 0
2405, 0, 42, 207, 195, 18, 5.29%, 0, 0, 3, 21.64, 47876, 865, 0, 0
2410, 0, 42, 207, 195, 18, 5.29%, 0, 0, 3, 17.47, 47959, 865, 0, 0
2415, 0, 42, 207, 195, 18, 5.29%, 0, 0, 3, 16.95, 48043, 865, 0, 0
2420, 0, 42, 207, 195, 18, 5.29%, 0, 0, 3, 19.21, 48148, 865, 0, 0
2425, 0, 42, 207, 195, 18, 5.29%, 0, 0, 3, 16.57, 48230, 865, 0, 0
2430, 0, 42, 207, 195, 18, 5.29%, 0, 0, 3, 15.78, 48342, 865, 0, 0
2435, 0, 42, 207, 195, 18, 5.29%, 0, 0, 3, 17.57, 48431, 865, 0, 0
2441, 0, 42, 207, 195, 18, 5.29%, 0, 0, 3, 17.53, 48521, 865, 0, 0
2446, 0, 42, 207, 195, 18, 5.29%, 0, 0, 3, 16.34, 48602, 865, 0, 0
2451, 0, 55, 207, 194, 17, 5.29%, 0, 0, 3, 21.47, 48719, 865, 0, 0
2456, 0, 55, 207, 194, 17, 5.29%, 0, 0, 3, 18.98, 48804, 865, 0, 0
2461, 0, 55, 207, 194, 17, 5.29%, 0, 0, 3, 16.82, 48927, 865, 0, 0
2466, 0, 55, 207, 194, 17, 5.29%, 0, 0, 3, 18.69, 49027, 865, 0, 0
2471, 0, 55, 207, 194, 17, 5.29%, 0, 0, 3, 18.86, 49123, 865, 0, 0
2476, 0, 55, 207, 194, 17, 5.29%, 0, 0, 3, 18.32, 49216, 865, 0, 0
2482, 0, 55, 207, 194, 17, 5.29%, 0, 0, 3, 19.20, 49315, 865, 0, 0
2487, 0, 55, 207, 194, 17, 5.29%, 0, 0, 3, 23.69, 49440, 865, 0, 0
2492, 0, 55, 207, 194, 17, 5.29%, 0, 0, 3, 27.57, 49632, 865, 0, 0
2497, 0, 55, 207, 194, 17, 5.29%, 0, 0, 3, 22.31, 49743, 865, 0, 0
2502, 0, 55, 207, 194, 17, 5.29%, 0, 0, 3, 17.66, 49831, 865, 0, 0
2507, 0, 55, 207, 194, 17, 5.29%, 0, 0, 3, 16.67, 49913, 865, 0, 0
2512, 0, 55, 207, 194, 17, 5.29%, 0, 0, 3, 16.49, 49998, 865, 0, 0
2517, 0, 55, 207, 194, 17, 5.29%, 0, 0, 3, 16.97, 50085, 865, 0, 0
2517, 0, 55, 207, 194, 17, 5.29%, 0, 0, 3, 0.00, 50115, 865, 0, 0
2522, 0, 55, 207, 194, 17, 5.29%, 0, 0, 3, 16.88, 50205, 865, 0, 0
2527, 0, 55, 207, 194, 17, 5.29%, 0, 0, 3, 16.58, 50289, 865, 0, 0
2533, 0, 55, 207, 194, 17, 5.29%, 0, 0, 3, 15.95, 50371, 865, 0, 0
2538, 0, 55, 207, 194, 17, 5.29%, 0, 0, 3, 16.59, 50457, 865, 0, 0
2543, 0, 55, 207, 194, 17, 5.29%, 0, 0, 3, 19.15, 50566, 865, 0, 0
2548, 0, 55, 207, 194, 17, 5.29%, 0, 0, 3, 18.88, 50662, 865, 0, 0
2553, 0, 55, 207, 194, 17, 5.29%, 0, 0, 3, 17.36, 50780, 865, 0, 0
2558, 0, 55, 207, 194, 17, 5.29%, 0, 0, 3, 18.29, 50880, 865, 0, 0
2563, 0, 55, 207, 194, 17, 5.29%, 0, 0, 3, 17.17, 50967, 865, 0, 0
2568, 0, 55, 207, 194, 17, 5.29%, 0, 0, 3, 16.99, 51057, 865, 0, 0
2573, 0, 55, 207, 194, 17, 5.29%, 0, 0, 3, 20.44, 51163, 865, 0, 0
2578, 0, 55, 207, 194, 17, 5.29%, 0, 0, 3, 17.38, 51248, 865, 0, 0
2584, 0, 55, 207, 194, 17, 5.29%, 0, 0, 3, 19.02, 51378, 865, 0, 0
2589, 0, 55, 207, 194, 17, 5.29%, 0, 0, 3, 17.92, 51472, 865, 0, 0
2594, 0, 55, 207, 194, 17, 5.29%, 0, 0, 3, 19.92, 51572, 865, 0, 0
2599, 0, 55, 207, 194, 17, 5.29%, 0, 0, 3, 16.49, 51653, 865, 0, 0
2604, 0, 55, 207, 194, 17, 5.29%, 0, 0, 3, 18.16, 51749, 865, 0, 0
2609, 0, 55, 207, 194, 17, 5.29%, 0, 0, 3, 17.62, 51842, 865, 0, 0
2609, 0, 55, 207, 194, 17, 5.29%, 0, 0, 3, 0.00, 51866, 865, 0, 0
2614, 0, 55, 207, 194, 17, 5.29%, 0, 0, 3, 24.87, 51989, 865, 0, 0
2619, 0, 55, 207, 194, 17, 5.29%, 0, 0, 3, 19.58, 52078, 865, 0, 0
2625, 0, 55, 207, 194, 17, 5.29%, 0, 0, 3, 20.76, 52183, 865, 0, 0
2630, 0, 55, 207, 194, 17, 5.29%, 0, 0, 3, 24.70, 52311, 865, 0, 0
2635, 0, 55, 207, 194, 17, 5.29%, 0, 0, 3, 21.71, 52423, 865, 0, 0
2640, 0, 55, 207, 194, 17, 5.29%, 0, 0, 3, 20.65, 52524, 865, 0, 0
2640, 0, 55, 207, 194, 17, 5.29%, 0, 0, 3, 0.00, 52555, 865, 0, 0
2645, 0, 55, 207, 194, 17, 5.29%, 0, 0, 3, 18.41, 52649, 865, 0, 0
2650, 0, 76, 207, 193, 16, 5.29%, 0, 0, 3, 17.74, 52742, 865, 0, 0
2655, 0, 76, 207, 193, 16, 5.29%, 0, 0, 3, 18.03, 52834, 865, 0, 0
2660, 0, 76, 207, 193, 16, 5.29%, 0, 0, 3, 21.07, 52938, 865, 0, 0
2665, 0, 76, 207, 193, 16, 5.29%, 0, 0, 3, 21.33, 53047, 865, 0, 0
2671, 0, 76, 207, 193, 16, 5.29%, 0, 0, 3, 20.30, 53155, 865, 0, 0
2670, 0, 76, 207, 193, 16, 5.29%, 0, 0, 3, 0.00, 53182, 865, 0, 0
2675, 0, 76, 207, 193, 16, 5.29%, 0, 0, 3, 20.36, 53295, 865, 0, 0
2681, 0, 76, 207, 193, 16, 5.29%, 0, 0, 3, 16.79, 53374, 865, 0, 0
2686, 0, 76, 207, 193, 16, 5.29%, 0, 0, 3, 16.46, 53455, 865, 0, 0
2691, 0, 76, 207, 193, 16, 5.29%, 0, 0, 3, 15.63, 53533, 865, 0, 0
2696, 0, 76, 207, 193, 16, 5.29%, 0, 0, 3, 16.17, 53618, 865, 0, 0
2701, 0, 76, 207, 193, 16, 5.29%, 0, 0, 3, 16.04, 53698, 865, 0, 0
2701, 0, 76, 207, 193, 16, 5.29%, 0, 0, 3, 0.00, 53720, 865, 0, 0
2706, 0, 76, 207, 193, 16, 5.29%, 0, 0, 3, 20.11, 53820, 865, 0, 0
2711, 0, 76, 207, 193, 16, 5.29%, 0, 0, 3, 17.13, 53906, 865, 0, 0
2716, 0, 76, 207, 193, 16, 5.29%, 0, 0, 3, 17.60, 53995, 865, 0, 0
2721, 0, 76, 207, 193, 16, 5.29%, 0, 0, 3, 16.86, 54082, 865, 0, 0
2726, 0, 76, 207, 193, 16, 5.29%, 0, 0, 3, 17.88, 54174, 865, 0, 0
2732, 0, 76, 207, 193, 16, 5.29%, 0, 0, 3, 15.66, 54249, 865, 0, 0
2732, 0, 76, 207, 193, 16, 5.29%, 0, 0, 3, 0.00, 54274, 865, 0, 0
2737, 0, 76, 207, 193, 16, 5.29%, 0, 0, 3, 18.59, 54370, 865, 0, 0
2742, 0, 76, 207, 193, 16, 5.29%, 0, 0, 3, 15.96, 54448, 865, 0, 0
2747, 0, 78, 207, 192, 15, 5.29%, 0, 0, 3, 16.14, 54532, 865, 0, 0
2752, 0, 78, 207, 192, 15, 5.29%, 0, 0, 3, 18.17, 54628, 865, 0, 0
2757, 0, 78, 207, 192, 15, 5.29%, 0, 0, 3, 16.84, 54714, 865, 0, 0
2762, 0, 78, 207, 192, 15, 5.29%, 0, 0, 3, 16.49, 54797, 865, 0, 0
2767, 0, 78, 207, 192, 15, 5.29%, 0, 0, 3, 18.66, 54926, 865, 0, 0
2772, 0, 78, 207, 192, 15, 5.29%, 0, 0, 3, 16.41, 55007, 865, 0, 0
2777, 0, 78, 207, 192, 15, 5.29%, 0, 0, 3, 18.70, 55104, 865, 0, 0
2782, 0, 78, 207, 192, 15, 5.29%, 0, 0, 3, 16.91, 55186, 865, 0, 0
2788, 0, 78, 207, 192, 15, 5.29%, 0, 0, 3, 17.04, 55279, 865, 0, 0
2793, 0, 78, 207, 192, 15, 5.29%, 0, 0, 3, 15.59, 55354, 865, 0, 0
2798, 0, 78, 207, 192, 15, 5.29%, 0, 0, 3, 21.30, 55493, 865, 0, 0
2803, 0, 78, 207, 192, 15, 5.29%, 0, 0, 3, 17.45, 55578, 865, 0, 0
2808, 0, 78, 207, 192, 15, 5.29%, 0, 0, 3, 16.25, 55664, 865, 0, 0
2813, 0, 78, 207, 192, 15, 5.29%, 0, 0, 3, 21.61, 55787, 865, 0, 0
2818, 0, 78, 207, 192, 15, 5.29%, 0, 0, 3, 18.07, 55872, 865, 0, 0
2824, 0, 78, 207, 192, 15, 5.29%, 0, 0, 3, 19.35, 55972, 865, 0, 0
2829, 0, 78, 207, 192, 15, 5.29%, 0, 0, 3, 17.01, 56090, 865, 0, 0
2834, 0, 78, 207, 192, 15, 5.29%, 0, 0, 3, 15.69, 56170, 865, 0, 0
2839, 0, 78, 207, 192, 15, 5.29%, 0, 0, 3, 15.37, 56249, 865, 0, 0
2844, 0, 96, 208, 192, 14, 5.29%, 0, 0, 3, 21.01, 56358, 865, 0, 0
2849, 0, 79, 208, 191, 13, 5.29%, 0, 0, 3, 18.06, 56451, 865, 0, 0
2854, 0, 79, 208, 191, 13, 5.29%, 0, 0, 3, 18.05, 56539, 865, 0, 0
2854, 0, 79, 208, 191, 13, 5.29%, 0, 0, 3, 0.00, 56568, 865, 0, 0
2859, 0, 79, 208, 191, 13, 5.29%, 0, 0, 3, 16.50, 56657, 865, 0, 0
2864, 0, 79, 208, 191, 13, 5.29%, 0, 0, 3, 18.56, 56750, 865, 0, 0
2869, 0, 79, 208, 191, 13, 5.29%, 0, 0, 3, 18.30, 56852, 865, 0, 0
2875, 0, 79, 208, 191, 13, 5.29%, 0, 0, 3, 17.22, 56937, 865, 0, 0
2880, 0, 79, 208, 191, 13, 5.29%, 0, 0, 3, 15.73, 57016, 865, 0, 0
2885, 0, 79, 208, 191, 13, 5.29%, 0, 0, 3, 19.41, 57113, 865, 0, 0
2885, 0, 79, 208, 191, 13, 5.29%, 0, 0, 3, 0.00, 57152, 865, 0, 0
2890, 0, 79, 208, 191, 13, 5.29%, 0, 0, 3, 18.98, 57245, 865, 0, 0
2895, 0, 79, 208, 191, 13, 5.29%, 0, 0, 3, 25.90, 57386, 865, 0, 0
2900, 0, 79, 208, 191, 13, 5.29%, 0, 0, 3, 19.85, 57482, 865, 0, 0
2905, 0, 79, 208, 191, 13, 5.29%, 0, 0, 3, 20.15, 57585, 865, 0, 0
2910, 0, 79, 208, 191, 13, 5.29%, 0, 0, 3, 18.94, 57679, 865, 0, 0
2916, 0, 79, 208, 191, 13, 5.29%, 0, 0, 3, 21.33, 57788, 865, 0, 0
2915, 0, 79, 208, 191, 13, 5.29%, 0, 0, 3, 0.00, 57819, 865, 0, 0
2920, 0, 79, 208, 191, 13, 5.29%, 0, 0, 3, 20.33, 57923, 865, 0, 0
2925, 0, 79, 208, 191, 13, 5.29%, 0, 0, 3, 22.82, 58038, 865, 0, 0
2930, 0, 79, 208, 191, 13, 5.29%, 0, 0, 3, 21.16, 58136, 865, 0, 0
2936, 0, 166, 208, 190, 12, 5.29%, 0, 0, 3, 18.92, 58229, 865, 0, 0
2941, 0, 166, 208, 190, 12, 5.29%, 0, 0, 3, 17.49, 58317, 865, 0, 0
2946, 0, 166, 208, 190, 12, 5.29%, 0, 0, 3, 17.87, 58405, 865, 0, 0
2946, 0, 166, 208, 190, 12, 5.29%, 0, 0, 3, 0.00, 58438, 865, 0, 0
2951, 0, 166, 208, 190, 12, 5.29%, 0, 0, 3, 17.33, 58526, 865, 0, 0
2956, 0, 166, 208, 190, 12, 5.29%, 0, 0, 3, 17.10, 58612, 865, 0, 0
2961, 0, 166, 208, 190, 12, 5.29%, 0, 0, 3, 16.59, 58689, 865, 0, 0
2966, 0, 166, 208, 190, 12, 5.29%, 0, 0, 3, 17.50, 58771, 865, 0, 0
2971, 0, 166, 208, 190, 12, 5.29%, 0, 0, 3, 18.46, 58863, 865, 0, 0
2977, 0, 166, 208, 190, 12, 5.29%, 0, 0, 3, 17.67, 58947, 865, 0, 0
2976, 0, 166, 208, 190, 12, 5.29%, 0, 0, 3, 0.00, 58973, 865, 0, 0
2981, 0, 166, 208, 190, 12, 5.29%, 0, 0, 3, 14.63, 59046, 865, 0, 0
2987, 0, 166, 208, 190, 12, 5.29%, 0, 0, 3, 14.86, 59123, 865, 0, 0
2992, 0, 166, 208, 190, 12, 5.29%, 0, 0, 3, 16.58, 59208, 865, 0, 0
2997, 0, 166, 208, 190, 12, 5.29%, 0, 0, 3, 15.07, 59279, 865, 0, 0
3002, 0, 166, 208, 190, 12, 5.29%, 0, 0, 3, 14.27, 59350, 865, 0, 0
3007, 0, 80, 208, 189, 11, 5.29%, 0, 0, 3, 18.73, 59447, 865, 0, 0
3007, 0, 81, 209, 189, 10, 5.29%, 0, 0, 3, 0.00, 59485, 865, 0, 0
3012, 0, 81, 209, 189, 10, 5.29%, 0, 0, 3, 27.32, 59635, 865, 0, 0
3017, 0, 87, 209, 188, 9, 5.29%, 0, 0, 3, 22.66, 59747, 865, 0, 0
3022, 0, 174, 209, 186, 7, 5.29%, 0, 0, 3, 20.20, 59850, 865, 0, 0
3028, 0, 174, 209, 186, 7, 5.29%, 0, 0, 3, 18.51, 59945, 865, 0, 0
3033, 0, 174, 209, 186, 7, 5.29%, 0, 0, 3, 16.02, 60023, 865, 0, 0
3038, 0, 174, 209, 186, 7, 5.29%, 0, 0, 3, 17.25, 60113, 865, 0, 0
3037, 0, 174, 209, 186, 7, 5.29%, 0, 0, 3, 0.00, 60131, 865, 0, 0
3042, 0, 174, 209, 186, 7, 5.29%, 0, 0, 3, 13.80, 60203, 865, 0, 0
3048, 0, 174, 209, 186, 7, 5.29%, 0, 0, 3, 16.53, 60289, 865, 0, 0
3053, 0, 174, 209, 186, 7, 5.29%, 0, 0, 3, 17.15, 60379, 865, 0, 0
3058, 0, 174, 209, 186, 7, 5.29%, 0, 0, 3, 16.76, 60466, 865, 0, 0
3063, 0, 174, 209, 186, 7, 5.29%, 0, 0, 3, 17.93, 60566, 865, 0, 0
3068, 0, 174, 209, 186, 7, 5.29%, 0, 0, 3, 17.62, 60652, 865, 0, 0
3068, 0, 174, 209, 186, 7, 5.29%, 0, 0, 3, 0.00, 60671, 865, 0, 0
3073, 0, 174, 209, 186, 7, 5.29%, 0, 0, 3, 13.06, 60739, 865, 0, 0
3078, 0, 174, 209, 186, 7, 5.29%, 0, 0, 3, 13.51, 60808, 865, 0, 0
3083, 0, 174, 209, 186, 7, 5.29%, 0, 0, 3, 14.53, 60878, 865, 0, 0
3088, 0, 174, 209, 186, 7, 5.29%, 0, 0, 3, 14.78, 60957, 865, 0, 0
3093, 0, 177, 209, 185, 6, 5.29%, 0, 0, 3, 16.19, 61039, 865, 0, 0
3099, 0, 177, 209, 185, 6, 5.29%, 0, 0, 3, 16.29, 61120, 865, 0, 0
3098, 0, 177, 209, 185, 6, 5.29%, 0, 0, 3, 0.00, 61142, 865, 0, 0
3104, 0, 177, 209, 185, 6, 5.29%, 0, 0, 3, 14.42, 61221, 865, 0, 0
3109, 0, 177, 209, 185, 6, 5.29%, 0, 0, 3, 14.65, 61299, 865, 0, 0
3114, 0, 177, 209, 185, 6, 5.29%, 0, 0, 3, 14.25, 61373, 865, 0, 0
3119, 0, 177, 209, 185, 6, 5.29%, 0, 0, 3, 14.78, 61450, 865, 0, 0
3124, 0, 177, 209, 185, 6, 5.29%, 0, 0, 3, 14.60, 61522, 865, 0, 0
3129, 0, 177, 209, 185, 6, 5.29%, 0, 0, 3, 15.60, 61610, 865, 0, 0
3129, 0, 177, 209, 185, 6, 5.29%, 0, 0, 3, 0.00, 61629, 865, 0, 0
3134, 0, 177, 209, 185, 6, 5.29%, 0, 0, 3, 15.41, 61710, 865, 0, 0
3139, 0, 177, 209, 185, 6, 5.29%, 0, 0, 3, 17.64, 61797, 865, 0, 0
3144, 0, 177, 209, 185, 6, 5.29%, 0, 0, 3, 17.14, 61884, 865, 0, 0
3149, 0, 177, 209, 185, 6, 5.29%, 0, 0, 3, 16.73, 61969, 865, 0, 0
3154, 0, 177, 209, 185, 6, 5.29%, 0, 0, 3, 20.84, 62081, 865, 0, 0
3159, 0, 177, 209, 185, 6, 5.29%, 0, 0, 3, 17.65, 62166, 865, 0, 0
3165, 0, 203, 209, 183, 4, 5.29%, 0, 0, 3, 18.54, 62288, 865, 0, 0
3170, 0, 95, 210, 183, 4, 5.29%, 0, 0, 3, 20.66, 62400, 865, 0, 0
3175, 0, 97, 210, 182, 3, 5.29%, 0, 0, 3, 18.02, 62489, 865, 0, 0
3180, 0, 97, 210, 182, 3, 5.29%, 0, 0, 3, 16.49, 62573, 865, 0, 0
3185, 0, 97, 210, 182, 3, 5.29%, 0, 0, 3, 17.69, 62664, 865, 0, 0
3190, 0, 97, 210, 182, 3, 5.29%, 0, 0, 3, 18.46, 62767, 865, 0, 0
3195, 0, 97, 210, 182, 3, 5.29%, 0, 0, 3, 24.31, 62911, 865, 0, 0
3200, 0, 97, 210, 182, 3, 5.29%, 0, 0, 3, 19.41, 63016, 865, 0, 0
3205, 0, 97, 210, 182, 3, 5.29%, 0, 0, 3, 16.06, 63092, 865, 0, 0
3210, 0, 97, 210, 182, 3, 5.29%, 0, 0, 3, 15.30, 63169, 865, 0, 0
3215, 0, 97, 210, 182, 3, 5.29%, 0, 0, 3, 15.99, 63249, 865, 0, 0
3221, 0, 97, 210, 182, 3, 5.29%, 0, 0, 3, 15.97, 63337, 865, 0, 0
3221, 0, 97, 210, 182, 3, 5.29%, 0, 0, 3, 0.00, 63363, 865, 0, 0
3226, 0, 97, 210, 182, 3, 5.29%, 0, 0, 3, 14.85, 63436, 865, 0, 0
3231, 0, 207, 210, 181, 2, 5.29%, 0, 0, 3, 16.41, 63519, 865, 0, 0
3236, 0, 162, 210, 180, 1, 5.29%, 0, 0, 3, 16.79, 63607, 865, 0, 0
3241, 0, 162, 210, 180, 1, 5.29%, 0, 0, 3, 16.78, 63694, 865, 0, 0
3246, 0, 162, 210, 180, 1, 5.29%, 0, 0, 3, 18.87, 63795, 865, 0, 0
3251, 0, 162, 210, 180, 1, 5.29%, 0, 0, 3, 15.81, 63872, 865, 0, 0
3251, 0, 162, 210, 180, 1, 5.29%, 0, 0, 3, 0.00, 63897, 865, 0, 0
3256, 0, 162, 210, 180, 1, 5.29%, 0, 0, 3, 14.10, 63971, 865, 0, 0
3261, 0, 162, 210, 180, 1, 5.29%, 0, 0, 3, 13.82, 64040, 865, 0, 0
3267, 0, 162, 210, 180, 1, 5.29%, 0, 0, 3, 14.83, 64114, 865, 0, 0
3272, 0, 162, 210, 180, 1, 5.29%, 0, 0, 3, 19.03, 64213, 865, 0, 0
3277, 0, 162, 210, 180, 1, 5.29%, 0, 0, 3, 16.53, 64291, 865, 0, 0
3282, 0, 162, 210, 180, 1, 5.29%, 0, 0, 3, 16.95, 64379, 865, 0, 0
3282, 0, 162, 210, 180, 1, 5.29%, 0, 0, 3, 0.00, 64400, 865, 0, 0
3287, 0, 162, 210, 180, 1, 5.29%, 0, 0, 3, 18.44, 64501, 865, 0, 0
3292, 0, 162, 210, 180, 1, 5.29%, 0, 0, 3, 15.23, 64573, 865, 0, 0
3297, 0, 29, 210, 179, 1, 5.29%, 0, 0, 3, 15.33, 64649, 865, 0, 0
3302, 0, 29, 210, 179, 1, 5.29%, 0, 0, 3, 17.22, 64739, 865, 0, 0
3307, 0, 29, 210, 179, 1, 5.29%, 0, 0, 3, 18.49, 64830, 865, 0, 0
3312, 0, 29, 210, 179, 1, 5.29%, 0, 0, 3, 16.36, 64913, 865, 0, 0
3312, 0, 29, 210, 179, 1, 5.29%, 0, 0, 3, 0.00, 64935, 865, 0, 0
3317, 0, 29, 210, 179, 1, 5.29%, 0, 0, 3, 15.61, 65020, 865, 0, 0
3322, 0, 29, 210, 179, 1, 5.29%, 0, 0, 3, 20.00, 65124, 865, 0, 0
3327, 0, 29, 210, 179, 1, 5.29%, 0, 0, 3, 20.77, 65229, 865, 0, 0
3333, 0, 29, 210, 179, 1, 5.29%, 0, 0, 3, 23.93, 65352, 865, 0, 0
3338, 0, 29, 210, 179, 1, 5.29%, 0, 0, 3, 21.75, 65462, 865, 0, 0
3343, 0, 29, 210, 179, 1, 5.29%, 0, 0, 3, 19.03, 65555, 865, 0, 0
3342, 0, 29, 210, 179, 1, 5.29%, 0, 0, 3, 0.00, 65582, 865, 0, 0
3348, 0, 29, 210, 179, 1, 5.29%, 0, 0, 3, 18.38, 65676, 865, 0, 0
3353, 0, 29, 210, 179, 1, 5.29%, 0, 0, 3, 17.58, 65765, 865, 0, 0
3358, 0, 29, 210, 179, 1, 5.29%, 0, 0, 3, 17.90, 65856, 865, 0, 0
3363, 0, 29, 210, 179, 1, 5.29%, 0, 0, 3, 19.62, 65967, 865, 0, 0
3368, 0, 29, 210, 179, 1, 5.29%, 0, 0, 3, 19.27, 66067, 865, 0, 0
3373, 0, 29, 210, 179, 1, 5.29%, 0, 0, 3, 19.01, 66162, 865, 0, 0
3373, 0, 29, 210, 179, 1, 5.29%, 0, 0, 3, 0.00, 66193, 865, 0, 0
3378, 0, 29, 210, 179, 1, 5.29%, 0, 0, 3, 21.70, 66305, 865, 0, 0
3383, 0, 29, 210, 179, 1, 5.29%, 0, 0, 3, 18.30, 66399, 865, 0, 0
3388, 0, 199, 210, 178, 1, 5.29%, 0, 0, 3, 17.77, 66490, 865, 0, 0
3393, 0, 199, 210, 178, 1, 5.29%, 0, 0, 3, 15.09, 66561, 865, 0, 0
3398, 0, 199, 210, 178, 1, 5.29%, 0, 0, 3, 17.62, 66654, 865, 0, 0
3404, 0, 199, 210, 178, 1, 5.29%, 0, 0, 3, 15.22, 66729, 865, 0, 0
3403, 0, 199, 210, 178, 1, 5.29%, 0, 0, 3, 0.00, 66752, 865, 0, 0
3408, 0, 199, 210, 178, 1, 5.29%, 0, 0, 3, 16.49, 66838, 865, 0, 0
3414, 0, 199, 210, 178, 1, 5.29%, 0, 0, 3, 19.11, 66938, 865, 0, 0
3414, 0, 199, 210, 178, 1, 5.29%, 0, 0, 3, 17.94, 66946, 865, 0, 0
