# relative_time, cycles_done, cur_item, corpus_count, pending_total, pending_favs, map_size, saved_crashes, saved_hangs, max_depth, execs_per_sec, total_execs, edges_found, total_crashes, servers_count
61, 0, 1, 10, 7, 4, 4.39%, 0, 0, 1, 19.09, 1362, 718, 0, 0
66, 0, 1, 10, 7, 4, 4.39%, 0, 0, 1, 18.65, 1475, 718, 0, 0
71, 0, 1, 10, 7, 4, 4.39%, 0, 0, 1, 22.53, 1593, 718, 0, 0
76, 0, 1, 10, 7, 4, 4.39%, 0, 0, 1, 19.88, 1690, 718, 0, 0
81, 0, 1, 10, 7, 4, 4.39%, 0, 0, 1, 21.46, 1798, 718, 0, 0
86, 0, 1, 17, 14, 4, 4.80%, 0, 0, 2, 26.49, 1932, 786, 0, 0
91, 0, 1, 29, 26, 4, 5.04%, 0, 0, 2, 33.43, 2110, 825, 0, 0
97, 0, 1, 38, 35, 4, 5.11%, 0, 0, 2, 38.42, 2301, 836, 0, 0
102, 0, 1, 39, 36, 4, 5.11%, 0, 0, 2, 35.32, 2465, 836, 0, 0
107, 0, 1, 42, 39, 4, 5.12%, 0, 0, 2, 29.02, 2602, 837, 0, 0
112, 0, 1, 44, 41, 4, 5.12%, 0, 0, 2, 24.96, 2731, 838, 0, 0
117, 0, 1, 45, 42, 4, 5.15%, 0, 0, 2, 26.40, 2871, 843, 0, 0
122, 0, 1, 46, 43, 4, 5.16%, 0, 0, 2, 30.33, 3027, 844, 0, 0
128, 0, 1, 47, 44, 4, 5.16%, 0, 0, 2, 25.30, 3197, 844, 0, 0
133, 0, 1, 49, 46, 4, 5.16%, 0, 0, 2, 30.32, 3353, 844, 0, 0
138, 0, 1, 50, 47, 4, 5.16%, 0, 0, 2, 28.21, 3496, 844, 0, 0
143, 0, 1, 51, 48, 4, 5.16%, 0, 0, 2, 29.14, 3641, 844, 0, 0
148, 0, 1, 52, 49, 4, 5.45%, 0, 0, 2, 29.76, 3798, 892, 0, 0
153, 0, 1, 55, 52, 4, 5.46%, 0, 0, 2, 31.48, 3956, 893, 0, 0
159, 0, 1, 57, 54, 4, 5.47%, 0, 0, 2, 23.82, 4123, 895, 0, 0
164, 0, 1, 59, 56, 4, 5.47%, 0, 0, 2, 27.46, 4275, 895, 0, 0
169, 0, 1, 61, 58, 4, 5.53%, 0, 0, 2, 28.56, 4418, 905, 0, 0
174, 0, 1, 61, 58, 4, 5.53%, 0, 0, 2, 31.56, 4573, 905, 0, 0
179, 0, 1, 61, 58, 4, 5.53%, 0, 0, 2, 28.50, 4718, 905, 0, 0
184, 0, 8, 61, 56, 28, 5.53%, 0, 0, 2, 3.85, 4827, 905, 0, 0
189, 0, 8, 61, 56, 28, 5.53%, 0, 0, 2, 4.54, 4866, 905, 0, 0
194, 0, 8, 61, 56, 28, 5.53%, 0, 0, 2, 4.51, 4890, 905, 0, 0
199, 0, 8, 61, 56, 28, 5.53%, 0, 0, 2, 6.11, 4920, 905, 0, 0
205, 0, 8, 61, 56, 28, 5.53%, 0, 0, 2, 5.65, 4948, 905, 0, 0
210, 0, 8, 61, 56, 28, 5.53%, 0, 0, 2, 4.50, 4969, 905, 0, 0
215, 0, 8, 61, 56, 28, 5.53%, 0, 0, 2, 3.74, 4987, 905, 0, 0
220, 0, 8, 61, 56, 28, 5.53%, 0, 0, 2, 9.46, 5034, 905, 0, 0
225, 0, 8, 61, 56, 28, 5.53%, 0, 0, 2, 7.17, 5067, 905, 0, 0
230, 0, 8, 61, 56, 28, 5.53%, 0, 0, 2, 5.31, 5090, 905, 0, 0
235, 0, 8, 61, 56, 28, 5.53%, 0, 0, 2, 4.72, 5113, 905, 0, 0
241, 0, 8, 61, 56, 28, 5.53%, 0, 0, 2, 4.20, 5134, 905, 0, 0
246, 0, 8, 61, 56, 28, 5.53%, 0, 0, 2, 3.72, 5152, 905, 0, 0
251, 0, 8, 61, 56, 28, 5.53%, 0, 0, 2, 3.05, 5173, 905, 0, 0
256, 0, 8, 61, 56, 28, 5.53%, 0, 0, 2, 7.90, 5221, 905, 0, 0
261, 0, 8, 61, 56, 28, 5.53%, 0, 0, 2, 7.71, 5261, 905, 0, 0
266, 0, 8, 61, 56, 28, 5.53%, 0, 0, 2, 7.30, 5298, 905, 0, 0
271, 0, 8, 61, 56, 28, 5.53%, 0, 0, 2, 6.10, 5327, 905, 0, 0
276, 0, 8, 61, 56, 28, 5.53%, 0, 0, 2, 5.69, 5356, 905, 0, 0
282, 0, 8, 61, 56, 28, 5.53%, 0, 0, 2, 4.18, 5389, 905, 0, 0
287, 0, 8, 61, 56, 28, 5.53%, 0, 0, 2, 4.32, 5413, 905, 0, 0
292, 0, 8, 61, 56, 28, 5.53%, 0, 0, 2, 4.17, 5435, 905, 0, 0
297, 0, 8, 61, 56, 28, 5.53%, 0, 0, 2, 3.88, 5454, 905, 0, 0
303, 0, 8, 61, 56, 28, 5.53%, 0, 0, 2, 3.90, 5475, 905, 0, 0
308, 0, 8, 61, 56, 28, 5.53%, 0, 0, 2, 3.49, 5492, 905, 0, 0
313, 0, 8, 61, 56, 28, 5.53%, 0, 0, 2, 3.49, 5510, 905, 0, 0
312, 0, 8, 61, 56, 28, 5.53%, 0, 0, 2, 0.00, 5511, 905, 0, 0
317, 0, 8, 61, 56, 28, 5.53%, 0, 0, 2, 3.54, 5529, 905, 0, 0
323, 0, 8, 61, 56, 28, 5.53%, 0, 0, 2, 3.95, 5548, 905, 0, 0
328, 0, 8, 61, 56, 28, 5.53%, 0, 0, 2, 7.91, 5597, 905, 0, 0
333, 0, 8, 61, 56, 28, 5.53%, 0, 0, 2, 9.53, 5650, 905, 0, 0
338, 0, 8, 61, 56, 28, 5.53%, 0, 0, 2, 8.69, 5691, 905, 0, 0
343, 0, 8, 61, 56, 28, 5.53%, 0, 0, 2, 7.89, 5731, 905, 0, 0
343, 0, 8, 61, 56, 28, 5.53%, 0, 0, 2, 0.00, 5739, 905, 0, 0
348, 0, 8, 61, 56, 28, 5.53%, 0, 0, 2, 8.10, 5777, 905, 0, 0
353, 0, 8, 61, 56, 28, 5.53%, 0, 0, 2, 7.06, 5810, 905, 0, 0
358, 0, 8, 61, 56, 28, 5.53%, 0, 0, 2, 6.14, 5838, 905, 0, 0
364, 0, 8, 61, 56, 28, 5.53%, 0, 0, 2, 7.08, 5877, 905, 0, 0
369, 0, 8, 61, 56, 28, 5.53%, 0, 0, 2, 5.78, 5904, 905, 0, 0
374, 0, 8, 61, 56, 28, 5.53%, 0, 0, 2, 5.32, 5930, 905, 0, 0
379, 0, 8, 61, 56, 28, 5.53%, 0, 0, 2, 6.19, 5961, 905, 0, 0
384, 0, 8, 61, 56, 28, 5.53%, 0, 0, 2, 5.04, 5984, 905, 0, 0
389, 0, 8, 61, 56, 28, 5.53%, 0, 0, 2, 4.55, 6007, 905, 0, 0
394, 0, 8, 61, 56, 28, 5.53%, 0, 0, 2, 4.78, 6033, 905, 0, 0
400, 0, 8, 61, 56, 28, 5.53%, 0, 0, 2, 4.35, 6055, 905, 0, 0
405, 0, 8, 61, 56, 28, 5.53%, 0, 0, 2, 3.94, 6074, 905, 0, 0
410, 0, 8, 61, 56, 28, 5.53%, 0, 0, 2, 4.13, 6099, 905, 0, 0
415, 0, 8, 61, 56, 28, 5.53%, 0, 0, 2, 3.89, 6118, 905, 0, 0
420, 0, 8, 61, 56, 28, 5.53%, 0, 0, 2, 3.80, 6137, 905, 0, 0
425, 0, 8, 61, 56, 28, 5.53%, 0, 0, 2, 3.56, 6155, 905, 0, 0
430, 0, 8, 61, 56, 28, 5.53%, 0, 0, 2, 3.89, 6175, 905, 0, 0
435, 0, 8, 61, 56, 28, 5.53%, 0, 0, 2, 3.79, 6195, 905, 0, 0
441, 0, 8, 61, 56, 28, 5.53%, 0, 0, 2, 3.60, 6219, 905, 0, 0
446, 0, 8, 61, 56, 28, 5.53%, 0, 0, 2, 3.97, 6239, 905, 0, 0
451, 0, 8, 61, 56, 28, 5.53%, 0, 0, 2, 3.38, 6254, 905, 0, 0
456, 0, 8, 61, 56, 28, 5.53%, 0, 0, 2, 3.54, 6273, 905, 0, 0
462, 0, 8, 63, 58, 28, 5.54%, 0, 0, 2, 3.58, 6297, 906, 0, 0
467, 0, 8, 66, 61, 28, 5.54%, 0, 0, 2, 3.84, 6322, 906, 0, 0
472, 0, 8, 69, 64, 28, 5.54%, 0, 0, 2, 4.41, 6352, 906, 0, 0
478, 0, 8, 72, 67, 28, 5.54%, 0, 0, 2, 4.65, 6379, 906, 0, 0
485, 0, 8, 76, 71, 28, 5.54%, 0, 0, 2, 4.74, 6415, 906, 0, 0
490, 0, 8, 79, 74, 28, 5.54%, 0, 0, 2, 4.83, 6446, 906, 0, 0
496, 0, 8, 82, 77, 28, 5.54%, 0, 0, 2, 5.22, 6479, 906, 0, 0
503, 0, 8, 85, 80, 28, 5.54%, 0, 0, 2, 5.04, 6509, 906, 0, 0
510, 0, 8, 88, 83, 28, 5.54%, 0, 0, 2, 4.79, 6541, 906, 0, 0
515, 0, 8, 90, 85, 28, 5.54%, 0, 0, 2, 4.66, 6567, 906, 0, 0
520, 0, 8, 92, 87, 28, 5.54%, 0, 0, 2, 4.43, 6588, 906, 0, 0
525, 0, 8, 94, 89, 28, 5.54%, 0, 0, 2, 4.44, 6616, 906, 0, 0
530, 0, 8, 97, 92, 28, 5.54%, 0, 0, 2, 4.85, 6644, 906, 0, 0
536, 0, 8, 99, 94, 28, 5.54%, 0, 0, 2, 4.91, 6673, 906, 0, 0
541, 0, 8, 100, 95, 28, 5.54%, 0, 0, 2, 4.88, 6700, 906, 0, 0
546, 0, 8, 100, 95, 28, 5.54%, 0, 0, 2, 4.63, 6721, 906, 0, 0
551, 0, 8, 101, 96, 28, 5.54%, 0, 0, 2, 4.79, 6747, 906, 0, 0
557, 0, 8, 103, 98, 28, 5.54%, 0, 0, 2, 4.36, 6773, 906, 0, 0
563, 0, 8, 104, 99, 28, 5.54%, 0, 0, 2, 4.41, 6798, 906, 0, 0
568, 0, 8, 105, 100, 28, 5.54%, 0, 0, 2, 4.54, 6822, 906, 0, 0
573, 0, 8, 106, 101, 28, 5.54%, 0, 0, 2, 4.55, 6847, 906, 0, 0
578, 0, 8, 108, 103, 28, 5.54%, 0, 0, 2, 5.61, 6879, 906, 0, 0
583, 0, 8, 109, 104, 28, 5.54%, 0, 0, 2, 4.55, 6899, 906, 0, 0
589, 0, 8, 109, 104, 28, 5.54%, 0, 0, 2, 4.42, 6922, 906, 0, 0
594, 0, 8, 109, 104, 28, 5.54%, 0, 0, 2, 4.61, 6944, 906, 0, 0
599, 0, 8, 110, 105, 28, 5.54%, 0, 0, 2, 4.18, 6964, 906, 0, 0
604, 0, 8, 110, 105, 28, 5.54%, 0, 0, 2, 4.64, 6989, 906, 0, 0
609, 0, 8, 111, 106, 28, 5.54%, 0, 0, 2, 4.24, 7012, 906, 0, 0
615, 0, 8, 111, 106, 28, 5.54%, 0, 0, 2, 4.48, 7038, 906, 0, 0
620, 0, 8, 112, 107, 28, 5.54%, 0, 0, 2, 5.16, 7068, 906, 0, 0
625, 0, 8, 112, 107, 28, 5.54%, 0, 0, 2, 3.16, 7093, 906, 0, 0
630, 0, 8, 112, 107, 28, 5.54%, 0, 0, 2, 3.96, 7115, 906, 0, 0
636, 0, 8, 113, 108, 28, 5.54%, 0, 0, 2, 4.37, 7141, 906, 0, 0
641, 0, 8, 113, 108, 28, 5.54%, 0, 0, 2, 4.58, 7164, 906, 0, 0
646, 0, 8, 114, 109, 28, 5.54%, 0, 0, 2, 4.25, 7187, 906, 0, 0
651, 0, 8, 114, 109, 28, 5.54%, 0, 0, 2, 3.99, 7208, 906, 0, 0
656, 0, 8, 114, 109, 28, 5.54%, 0, 0, 2, 3.14, 7232, 906, 0, 0
662, 0, 8, 114, 109, 28, 5.54%, 0, 0, 2, 3.64, 7251, 906, 0, 0
667, 0, 8, 115, 110, 28, 5.54%, 0, 0, 2, 4.80, 7281, 906, 0, 0
674, 0, 8, 116, 111, 28, 5.54%, 0, 0, 2, 4.66, 7309, 906, 0, 0
679, 0, 8, 117, 112, 28, 5.54%, 0, 0, 2, 4.43, 7332, 906, 0, 0
684, 0, 8, 118, 113, 28, 5.54%, 0, 0, 2, 4.67, 7359, 907, 0, 0
689, 0, 8, 119, 114, 28, 5.54%, 0, 0, 2, 4.92, 7388, 907, 0, 0
695, 0, 8, 119, 114, 28, 5.54%, 0, 0, 2, 3.98, 7406, 907, 0, 0
700, 0, 8, 119, 114, 28, 5.54%, 0, 0, 2, 4.51, 7429, 907, 0, 0
705, 0, 8, 119, 114, 28, 5.54%, 0, 0, 2, 4.41, 7452, 907, 0, 0
710, 0, 8, 119, 114, 28, 5.54%, 0, 0, 2, 4.31, 7473, 907, 0, 0
715, 0, 8, 119, 114, 28, 5.54%, 0, 0, 2, 4.61, 7494, 907, 0, 0
721, 0, 8, 119, 114, 28, 5.54%, 0, 0, 2, 3.94, 7521, 907, 0, 0
726, 0, 8, 119, 114, 28, 5.54%, 0, 0, 2, 3.97, 7542, 907, 0, 0
731, 0, 8, 120, 115, 28, 5.54%, 0, 0, 2, 4.49, 7568, 907, 0, 0
736, 0, 8, 120, 115, 28, 5.54%, 0, 0, 2, 4.21, 7589, 907, 0, 0
742, 0, 8, 120, 115, 28, 5.54%, 0, 0, 2, 4.59, 7614, 907, 0, 0
747, 0, 8, 120, 115, 28, 5.54%, 0, 0, 2, 4.64, 7638, 907, 0, 0
752, 0, 8, 120, 115, 28, 5.54%, 0, 0, 2, 2.77, 7665, 907, 0, 0
758, 0, 8, 120, 115, 28, 5.54%, 0, 0, 2, 4.14, 7690, 907, 0, 0
763, 0, 8, 120, 115, 28, 5.54%, 0, 0, 2, 4.29, 7712, 907, 0, 0
768, 0, 8, 121, 116, 28, 5.54%, 0, 0, 2, 4.47, 7738, 907, 0, 0
773, 0, 8, 121, 116, 28, 5.54%, 0, 0, 2, 4.96, 7766, 907, 0, 0
778, 0, 8, 122, 117, 28, 5.54%, 0, 0, 2, 4.60, 7791, 907, 0, 0
783, 0, 8, 123, 118, 28, 5.54%, 0, 0, 2, 3.96, 7824, 907, 0, 0
789, 0, 8, 123, 118, 28, 5.54%, 0, 0, 2, 4.22, 7846, 907, 0, 0
794, 0, 8, 123, 118, 28, 5.54%, 0, 0, 2, 3.89, 7866, 907, 0, 0
799, 0, 8, 123, 118, 28, 5.54%, 0, 0, 2, 4.31, 7889, 907, 0, 0
804, 0, 8, 123, 118, 28, 5.54%, 0, 0, 2, 4.10, 7910, 907, 0, 0
809, 0, 8, 123, 118, 28, 5.54%, 0, 0, 2, 4.54, 7933, 907, 0, 0
815, 0, 8, 123, 118, 28, 5.54%, 0, 0, 2, 5.02, 7962, 907, 0, 0
820, 0, 8, 124, 119, 28, 5.55%, 0, 0, 2, 5.69, 7994, 908, 0, 0
825, 0, 8, 124, 119, 28, 5.55%, 0, 0, 2, 4.89, 8019, 908, 0, 0
830, 0, 8, 124, 119, 28, 5.55%, 0, 0, 2, 5.76, 8051, 908, 0, 0
835, 0, 8, 124, 119, 28, 5.55%, 0, 0, 2, 5.08, 8076, 908, 0, 0
841, 0, 8, 124, 119, 28, 5.55%, 0, 0, 2, 5.58, 8106, 908, 0, 0
846, 0, 8, 125, 120, 28, 5.56%, 0, 0, 2, 4.76, 8144, 909, 0, 0
851, 0, 8, 125, 120, 28, 5.56%, 0, 0, 2, 5.30, 8172, 909, 0, 0
857, 0, 8, 126, 121, 28, 5.56%, 0, 0, 2, 5.62, 8201, 909, 0, 0
862, 0, 8, 126, 121, 28, 5.56%, 0, 0, 2, 6.31, 8235, 909, 0, 0
867, 0, 8, 126, 121, 28, 5.56%, 0, 0, 2, 5.47, 8262, 909, 0, 0
872, 0, 8, 126, 121, 28, 5.56%, 0, 0, 2, 5.16, 8289, 909, 0, 0
877, 0, 8, 126, 121, 28, 5.56%, 0, 0, 2, 4.79, 8317, 909, 0, 0
883, 0, 8, 126, 121, 28, 5.56%, 0, 0, 2, 5.37, 8346, 909, 0, 0
888, 0, 8, 126, 121, 28, 5.56%, 0, 0, 2, 5.17, 8372, 909, 0, 0
893, 0, 8, 126, 121, 28, 5.56%, 0, 0, 2, 5.24, 8400, 909, 0, 0
898, 0, 8, 126, 121, 28, 5.56%, 0, 0, 2, 5.52, 8428, 909, 0, 0
903, 0, 8, 126, 121, 28, 5.56%, 0, 0, 2, 5.53, 8457, 909, 0, 0
908, 0, 8, 126, 121, 28, 5.56%, 0, 0, 2, 7.01, 8494, 909, 0, 0
913, 0, 8, 126, 121, 28, 5.56%, 0, 0, 2, 5.63, 8519, 909, 0, 0
918, 0, 8, 126, 121, 28, 5.56%, 0, 0, 2, 5.07, 8542, 909, 0, 0
923, 0, 8, 126, 121, 28, 5.56%, 0, 0, 2, 4.72, 8565, 909, 0, 0
928, 0, 8, 126, 121, 28, 5.56%, 0, 0, 2, 4.74, 8590, 909, 0, 0
934, 0, 8, 126, 121, 28, 5.56%, 0, 0, 2, 5.14, 8618, 909, 0, 0
939, 0, 8, 126, 121, 28, 5.56%, 0, 0, 2, 5.83, 8651, 909, 0, 0
944, 0, 8, 126, 121, 28, 5.56%, 0, 0, 2, 6.05, 8680, 909, 0, 0
949, 0, 8, 126, 121, 28, 5.56%, 0, 0, 2, 5.71, 8708, 909, 0, 0
954, 0, 8, 126, 121, 28, 5.56%, 0, 0, 2, 5.34, 8734, 909, 0, 0
959, 0, 8, 126, 121, 28, 5.56%, 0, 0, 2, 5.19, 8760, 909, 0, 0
964, 0, 8, 126, 121, 28, 5.56%, 0, 0, 2, 5.65, 8790, 909, 0, 0
969, 0, 8, 126, 121, 28, 5.56%, 0, 0, 2, 5.02, 8828, 909, 0, 0
975, 0, 8, 126, 121, 28, 5.56%, 0, 0, 2, 5.63, 8861, 909, 0, 0
980, 0, 8, 126, 121, 28, 5.56%, 0, 0, 2, 5.80, 8892, 909, 0, 0
985, 0, 8, 126, 121, 28, 5.56%, 0, 0, 2, 5.72, 8922, 909, 0, 0
990, 0, 8, 126, 121, 28, 5.56%, 0, 0, 2, 5.34, 8948, 909, 0, 0
995, 0, 8, 126, 121, 28, 5.56%, 0, 0, 2, 5.55, 8976, 909, 0, 0
1001, 0, 8, 126, 121, 28, 5.56%, 0, 0, 2, 5.65, 9014, 909, 0, 0
1006, 0, 8, 126, 121, 28, 5.56%, 0, 0, 2, 6.84, 9051, 909, 0, 0
1011, 0, 8, 126, 121, 28, 5.56%, 0, 0, 2, 6.28, 9084, 909, 0, 0
1016, 0, 8, 126, 121, 28, 5.56%, 0, 0, 2, 6.05, 9114, 909, 0, 0
1021, 0, 8, 126, 121, 28, 5.56%, 0, 0, 2, 4.75, 9134, 909, 0, 0
1026, 0, 8, 126, 121, 28, 5.56%, 0, 0, 2, 4.75, 9156, 909, 0, 0
1032, 0, 8, 126, 121, 28, 5.56%, 0, 0, 2, 3.42, 9180, 909, 0, 0
1037, 0, 8, 126, 121, 28, 5.56%, 0, 0, 2, 3.73, 9200, 909, 0, 0
1042, 0, 8, 126, 121, 28, 5.56%, 0, 0, 2, 3.86, 9219, 909, 0, 0
1047, 0, 8, 126, 121, 28, 5.56%, 0, 0, 2, 4.08, 9241, 909, 0, 0
1052, 0, 8, 126, 121, 28, 5.56%, 0, 0, 2, 4.40, 9263, 909, 0, 0
1057, 0, 8, 126, 121, 28, 5.56%, 0, 0, 2, 4.40, 9287, 909, 0, 0
1063, 0, 9, 126, 120, 32, 5.56%, 0, 0, 2, 15.74, 9387, 909, 0, 0
1068, 0, 9, 126, 120, 32, 5.56%, 0, 0, 2, 15.82, 9467, 909, 0, 0
1073, 0, 9, 126, 120, 32, 5.56%, 0, 0, 2, 15.53, 9545, 909, 0, 0
1078, 0, 9, 126, 120, 32, 5.56%, 0, 0, 2, 16.32, 9630, 909, 0, 0
1083, 0, 9, 126, 120, 32, 5.56%, 0, 0, 2, 16.53, 9715, 909, 0, 0
1088, 0, 9, 126, 120, 32, 5.56%, 0, 0, 2, 16.75, 9804, 909, 0, 0
1093, 0, 9, 126, 120, 32, 5.56%, 0, 0, 2, 17.24, 9928, 909, 0, 0
1098, 0, 9, 126, 120, 32, 5.56%, 0, 0, 2, 18.76, 10025, 909, 0, 0
1103, 0, 9, 126, 120, 32, 5.56%, 0, 0, 2, 18.35, 10117, 909, 0, 0
1109, 0, 9, 126, 120, 32, 5.56%, 0, 0, 2, 17.22, 10211, 909, 0, 0
1114, 0, 9, 126, 120, 32, 5.56%, 0, 0, 2, 17.29, 10298, 909, 0, 0
1119, 0, 9, 126, 120, 32, 5.56%, 0, 0, 2, 17.03, 10385, 909, 0, 0
1124, 0, 9, 126, 120, 32, 5.56%, 0, 0, 2, 17.00, 10500, 909, 0, 0
1129, 0, 9, 134, 128, 32, 5.70%, 0, 0, 2, 18.30, 10595, 933, 0, 0
1134, 0, 9, 141, 135, 32, 5.72%, 0, 0, 2, 19.57, 10690, 936, 0, 0
1140, 0, 9, 147, 141, 32, 5.77%, 0, 0, 2, 17.26, 10777, 944, 0, 0
1145, 0, 9, 153, 147, 32, 5.81%, 0, 0, 2, 19.05, 10876, 950, 0, 0
1151, 0, 9, 157, 151, 32, 5.81%, 0, 0, 2, 17.62, 10965, 951, 0, 0
1156, 0, 9, 161, 155, 32, 5.85%, 0, 0, 2, 16.73, 11072, 957, 0, 0
1161, 0, 9, 162, 156, 32, 5.85%, 0, 0, 2, 17.83, 11168, 957, 0, 0
1166, 0, 9, 164, 158, 32, 5.86%, 0, 0, 2, 18.10, 11259, 959, 0, 0
1171, 0, 9, 166, 160, 32, 5.89%, 0, 0, 2, 18.00, 11352, 963, 0, 0
1176, 0, 9, 168, 162, 32, 5.90%, 0, 0, 2, 19.04, 11450, 965, 0, 0
1181, 0, 9, 169, 163, 32, 5.90%, 0, 0, 2, 16.76, 11534, 965, 0, 0
1187, 0, 9, 170, 164, 32, 5.90%, 0, 0, 2, 18.19, 11643, 965, 0, 0
1192, 0, 9, 171, 165, 32, 5.90%, 0, 0, 2, 17.67, 11732, 965, 0, 0
1197, 0, 9, 172, 166, 32, 5.90%, 0, 0, 2, 17.38, 11821, 966, 0, 0
1202, 0, 9, 172, 166, 32, 5.90%, 0, 0, 2, 17.37, 11913, 966, 0, 0
1207, 0, 9, 172, 166, 32, 5.90%, 0, 0, 2, 16.90, 11999, 966, 0, 0
1212, 0, 9, 173, 167, 32, 5.91%, 0, 0, 2, 19.49, 12101, 967, 0, 0
1217, 0, 9, 173, 167, 32, 5.91%, 0, 0, 2, 16.34, 12206, 967, 0, 0
1223, 0, 9, 175, 169, 32, 5.91%, 0, 0, 2, 16.09, 12298, 967, 0, 0
1228, 0, 9, 176, 170, 32, 5.91%, 0, 0, 2, 18.22, 12397, 967, 0, 0
1233, 0, 9, 177, 171, 32, 5.91%, 0, 0, 2, 18.51, 12491, 967, 0, 0
1238, 0, 9, 177, 171, 32, 5.91%, 0, 0, 2, 19.16, 12591, 967, 0, 0
1243, 0, 9, 177, 171, 32, 5.91%, 0, 0, 2, 17.03, 12675, 967, 0, 0
1248, 0, 9, 179, 173, 32, 5.92%, 0, 0, 2, 23.72, 12798, 969, 0, 0
1254, 0, 9, 179, 173, 32, 5.92%, 0, 0, 2, 19.06, 12892, 969, 0, 0
1259, 0, 9, 179, 173, 32, 5.92%, 0, 0, 2, 19.49, 12990, 969, 0, 0
1264, 0, 9, 179, 173, 32, 5.92%, 0, 0, 2, 18.45, 13085, 969, 0, 0
1269, 0, 9, 179, 173, 32, 5.92%, 0, 0, 2, 18.09, 13181, 969, 0, 0
1274, 0, 9, 180, 174, 32, 5.92%, 0, 0, 2, 17.58, 13269, 969, 0, 0
1279, 0, 9, 180, 174, 32, 5.92%, 0, 0, 2, 19.11, 13388, 969, 0, 0
1284, 0, 10, 180, 173, 53, 5.92%, 0, 0, 2, 22.00, 13498, 969, 0, 0
1289, 0, 12, 180, 172, 52, 5.92%, 0, 0, 2, 23.78, 13626, 969, 0, 0
1294, 0, 16, 181, 172, 52, 5.92%, 0, 0, 3, 25.74, 13757, 969, 0, 0
1299, 0, 16, 181, 172, 52, 5.92%, 0, 0, 3, 25.39, 13884, 969, 0, 0
1305, 0, 17, 181, 171, 51, 5.92%, 0, 0, 3, 24.53, 14014, 969, 0, 0
1310, 0, 17, 181, 171, 51, 5.92%, 0, 0, 3, 20.12, 14131, 969, 0, 0
1315, 0, 17, 181, 171, 51, 5.92%, 0, 0, 3, 20.54, 14234, 969, 0, 0
1320, 0, 17, 181, 171, 51, 5.92%, 0, 0, 3, 21.47, 14345, 969, 0, 0
1325, 0, 17, 181, 171, 51, 5.92%, 0, 0, 3, 21.93, 14455, 969, 0, 0
1330, 0, 17, 181, 171, 51, 5.92%, 0, 0, 3, 23.79, 14575, 969, 0, 0
1335, 0, 17, 181, 171, 51, 5.92%, 0, 0, 3, 23.36, 14693, 969, 0, 0
1340, 0, 17, 181, 171, 51, 5.92%, 0, 0, 3, 20.78, 14832, 969, 0, 0
1346, 0, 17, 181, 171, 51, 5.92%, 0, 0, 3, 22.68, 14952, 969, 0, 0
1351, 0, 17, 181, 171, 51, 5.92%, 0, 0, 3, 21.06, 15063, 969, 0, 0
1356, 0, 17, 181, 171, 51, 5.92%, 0, 0, 3, 19.80, 15160, 969, 0, 0
1361, 0, 17, 181, 171, 51, 5.92%, 0, 0, 3, 22.46, 15282, 969, 0, 0
1366, 0, 17, 181, 171, 51, 5.92%, 0, 0, 3, 22.57, 15395, 969, 0, 0
1371, 0, 17, 181, 171, 51, 5.92%, 0, 0, 3, 21.67, 15540, 969, 0, 0
1376, 0, 17, 181, 171, 51, 5.92%, 0, 0, 3, 23.47, 15660, 969, 0, 0
1381, 0, 17, 181, 171, 51, 5.92%, 0, 0, 3, 22.42, 15773, 969, 0, 0
1387, 0, 140, 181, 170, 50, 5.92%, 0, 0, 3, 21.44, 15884, 969, 0, 0
1392, 0, 140, 181, 170, 50, 5.92%, 0, 0, 3, 20.74, 15994, 969, 0, 0
1397, 0, 140, 181, 170, 50, 5.92%, 0, 0, 3, 19.36, 16088, 969, 0, 0
1402, 0, 140, 181, 170, 50, 5.92%, 0, 0, 3, 23.12, 16220, 969, 0, 0
1407, 0, 140, 181, 170, 50, 5.92%, 0, 0, 3, 22.30, 16331, 969, 0, 0
1412, 0, 140, 181, 170, 50, 5.92%, 0, 0, 3, 21.71, 16440, 969, 0, 0
1417, 0, 140, 181, 170, 50, 5.92%, 0, 0, 3, 20.99, 16548, 969, 0, 0
1422, 0, 140, 181, 170, 50, 5.92%, 0, 0, 3, 22.59, 16665, 969, 0, 0
1427, 0, 140, 181, 170, 50, 5.92%, 0, 0, 3, 21.45, 16775, 969, 0, 0
1432, 0, 140, 181, 170, 50, 5.92%, 0, 0, 3, 19.11, 16866, 969, 0, 0
1432, 0, 140, 181, 170, 50, 5.92%, 0, 0, 3, 0.00, 16877, 969, 0, 0
1437, 0, 140, 181, 170, 50, 5.92%, 0, 0, 3, 19.25, 16977, 969, 0, 0
1442, 0, 18, 182, 170, 49, 5.92%, 0, 0, 3, 22.18, 17091, 969, 0, 0
1447, 0, 21, 183, 169, 47, 5.92%, 0, 0, 3, 24.79, 17230, 969, 0, 0
1452, 0, 26, 183, 167, 45, 5.92%, 0, 0, 3, 26.37, 17366, 969, 0, 0
1457, 0, 26, 183, 167, 45, 5.92%, 0, 0, 3, 25.92, 17496, 969, 0, 0
1462, 0, 27, 183, 166, 44, 5.92%, 0, 0, 3, 25.02, 17623, 969, 0, 0
1467, 0, 27, 183, 166, 44, 5.92%, 0, 0, 3, 22.95, 17772, 969, 0, 0
1472, 0, 27, 183, 166, 44, 5.92%, 0, 0, 3, 22.04, 17887, 969, 0, 0
1477, 0, 27, 183, 166, 44, 5.92%, 0, 0, 3, 21.73, 17994, 969, 0, 0
1482, 0, 27, 183, 166, 44, 5.92%, 0, 0, 3, 22.94, 18110, 969, 0, 0
1488, 0, 27, 183, 166, 44, 5.92%, 0, 0, 3, 23.99, 18235, 969, 0, 0
1493, 0, 27, 183, 166, 44, 5.92%, 0, 0, 3, 23.55, 18355, 969, 0, 0
1498, 0, 27, 183, 166, 44, 5.92%, 0, 0, 3, 26.51, 18507, 969, 0, 0
1503, 0, 27, 183, 166, 44, 5.92%, 0, 0, 3, 24.21, 18628, 969, 0, 0
1508, 0, 27, 183, 166, 44, 5.92%, 0, 0, 3, 22.19, 18744, 969, 0, 0
1513, 0, 27, 183, 166, 44, 5.92%, 0, 0, 3, 21.08, 18855, 969, 0, 0
1518, 0, 27, 183, 166, 44, 5.92%, 0, 0, 3, 19.14, 18949, 969, 0, 0
1523, 0, 27, 183, 166, 44, 5.92%, 0, 0, 3, 19.65, 19055, 969, 0, 0
1529, 0, 27, 183, 166, 44, 5.92%, 0, 0, 3, 24.86, 19202, 969, 0, 0
1534, 0, 27, 183, 166, 44, 5.92%, 0, 0, 3, 23.85, 19320, 969, 0, 0
1539, 0, 59, 183, 165, 43, 5.92%, 0, 0, 3, 25.04, 19447, 969, 0, 0
1544, 0, 59, 183, 165, 43, 5.92%, 0, 0, 3, 24.08, 19572, 969, 0, 0
1549, 0, 59, 183, 165, 43, 5.92%, 0, 0, 3, 23.13, 19688, 969, 0, 0
1554, 0, 59, 183, 165, 43, 5.92%, 0, 0, 3, 22.76, 19807, 969, 0, 0
1559, 0, 59, 183, 165, 43, 5.92%, 0, 0, 3, 21.03, 19939, 969, 0, 0
1564, 0, 59, 183, 165, 43, 5.92%, 0, 0, 3, 22.33, 20052, 969, 0, 0
1569, 0, 59, 183, 165, 43, 5.92%, 0, 0, 3, 24.68, 20175, 969, 0, 0
1575, 0, 59, 183, 165, 43, 5.92%, 0, 0, 3, 23.17, 20291, 969, 0, 0
1580, 0, 59, 183, 165, 43, 5.92%, 0, 0, 3, 22.67, 20409, 969, 0, 0
1585, 0, 59, 183, 165, 43, 5.92%, 0, 0, 3, 21.91, 20519, 969, 0, 0
