# relative_time, cycles_done, cur_item, corpus_count, pending_total, pending_favs, map_size, saved_crashes, saved_hangs, max_depth, execs_per_sec, total_execs, edges_found, total_crashes, servers_count
61, 5, 0, 2, 0, 0, 0.08%, 0, 0, 2, 26.70, 1521, 7, 0, 0
66, 6, 1, 2, 0, 0, 0.08%, 0, 0, 2, 26.06, 1652, 7, 0, 0
71, 6, 1, 2, 0, 0, 0.08%, 0, 0, 2, 25.38, 1777, 7, 0, 0
76, 6, 1, 2, 0, 0, 0.08%, 0, 0, 2, 21.97, 1884, 7, 0, 0
81, 7, 1, 2, 0, 0, 0.08%, 0, 0, 2, 23.52, 2006, 7, 0, 0
87, 7, 1, 2, 0, 0, 0.08%, 0, 0, 2, 21.48, 2115, 7, 0, 0
92, 8, 0, 2, 0, 0, 0.08%, 0, 0, 2, 28.74, 2264, 7, 0, 0
97, 9, 1, 2, 0, 0, 0.08%, 0, 0, 2, 26.17, 2399, 7, 0, 0
102, 9, 1, 2, 0, 0, 0.08%, 0, 0, 2, 22.23, 2507, 7, 0, 0
107, 10, 1, 2, 0, 0, 0.08%, 0, 0, 2, 26.35, 2642, 7, 0, 0
109, 10, 1, 2, 0, 0, 0.08%, 0, 0, 2, 25.51, 2684, 7, 0, 0
