# relative_time, cycles_done, cur_item, corpus_count, pending_total, pending_favs, map_size, saved_crashes, saved_hangs, max_depth, execs_per_sec, total_execs, edges_found, total_crashes, servers_count
60, 35, 0, 2, 0, 0, 0.09%, 0, 0, 2, 207.14, 11863, 7, 0, 0
65, 39, 0, 2, 0, 0, 0.09%, 0, 0, 2, 213.91, 12846, 7, 0, 0
71, 42, 0, 2, 0, 0, 0.09%, 0, 0, 2, 202.24, 13821, 7, 0, 0
76, 45, 0, 2, 0, 0, 0.09%, 0, 0, 2, 167.80, 14664, 7, 0, 0
81, 47, 0, 2, 0, 0, 0.09%, 0, 0, 2, 169.55, 15555, 7, 0, 0
86, 50, 1, 2, 0, 0, 0.09%, 0, 0, 2, 157.96, 16395, 7, 0, 0
91, 53, 0, 2, 0, 0, 0.09%, 0, 0, 2, 181.65, 17322, 7, 0, 0
96, 56, 0, 2, 0, 0, 0.09%, 0, 0, 2, 200.57, 18327, 7, 0, 0
101, 58, 1, 2, 0, 0, 0.09%, 0, 0, 2, 159.22, 19146, 7, 0, 0
106, 60, 0, 2, 0, 0, 0.09%, 0, 0, 2, 154.84, 19941, 7, 0, 0
111, 63, 0, 2, 0, 0, 0.09%, 0, 0, 2, 168.99, 20793, 7, 0, 0
116, 65, 1, 2, 0, 0, 0.09%, 0, 0, 2, 151.11, 21552, 7, 0, 0
121, 69, 0, 2, 0, 0, 0.09%, 0, 0, 2, 219.52, 22710, 7, 0, 0
126, 71, 0, 2, 0, 0, 0.09%, 0, 0, 2, 186.85, 23660, 7, 0, 0
131, 74, 0, 2, 0, 0, 0.09%, 0, 0, 2, 169.71, 24534, 7, 0, 0
136, 77, 1, 2, 0, 0, 0.09%, 0, 0, 2, 184.74, 25566, 7, 0, 0
142, 79, 0, 2, 0, 0, 0.09%, 0, 0, 2, 141.04, 26210, 7, 0, 0
147, 82, 0, 2, 0, 0, 0.09%, 0, 0, 2, 169.64, 27144, 7, 0, 0
152, 84, 0, 2, 0, 0, 0.09%, 0, 0, 2, 142.51, 27830, 7, 0, 0
157, 86, 1, 2, 0, 0, 0.09%, 0, 0, 2, 115.10, 28361, 7, 0, 0
162, 87, 0, 2, 0, 0, 0.09%, 0, 0, 2, 115.55, 28931, 7, 0, 0
167, 89, 0, 2, 0, 0, 0.09%, 0, 0, 2, 116.07, 29533, 7, 0, 0
172, 91, 1, 2, 0, 0, 0.09%, 0, 0, 2, 111.76, 30070, 7, 0, 0
177, 93, 0, 2, 0, 0, 0.09%, 0, 0, 2, 122.71, 30690, 7, 0, 0
182, 94, 1, 2, 0, 0, 0.09%, 0, 0, 2, 102.88, 31199, 7, 0, 0
187, 96, 0, 2, 0, 0, 0.09%, 0, 0, 2, 99.50, 31693, 7, 0, 0
192, 97, 1, 2, 0, 0, 0.09%, 0, 0, 2, 101.52, 32217, 7, 0, 0
198, 98, 0, 2, 0, 0, 0.09%, 0, 0, 2, 78.27, 32598, 7, 0, 0
203, 100, 0, 2, 0, 0, 0.09%, 0, 0, 2, 81.22, 33041, 7, 0, 0
